------------------------------------------------------------
 Transmission Coefficient on refined energy grid using transfer matrices
------------------------------------------------------------
Transmission Coefficient, Energy (eV)
         3.03327e-12,                0.005
         3.73233e-12,             0.005625
         4.53771e-12,              0.00625
         5.46403e-12,             0.006875
         6.52789e-12,               0.0075
         7.74811e-12,             0.008125
         9.14606e-12,              0.00875
          1.0746e-11,             0.009375
         1.25754e-11,                 0.01
         1.46656e-11,             0.010625
          1.7052e-11,              0.01125
         1.97749e-11,             0.011875
         2.28802e-11,               0.0125
         2.64199e-11,             0.013125
         3.04533e-11,              0.01375
         3.50476e-11,             0.014375
         4.02794e-11,                0.015
          4.6236e-11,             0.015625
         5.30166e-11,              0.01625
         6.07344e-11,             0.016875
         6.95183e-11,               0.0175
         7.95152e-11,             0.018125
          9.0893e-11,              0.01875
         1.03843e-10,             0.019375
         1.18584e-10,                 0.02
         1.35365e-10,             0.020625
         1.54473e-10,              0.02125
         1.76234e-10,             0.021875
         2.01021e-10,               0.0225
         2.29264e-10,             0.023125
         2.61453e-10,              0.02375
         2.98152e-10,             0.024375
         3.40006e-10,                0.025
         3.87758e-10,             0.025625
         4.42261e-10,              0.02625
         5.04497e-10,             0.026875
         5.75596e-10,               0.0275
         6.56858e-10,             0.028125
         7.49786e-10,              0.02875
         8.56111e-10,             0.029375
         9.77835e-10,                 0.03
         1.11727e-09,             0.030625
         1.27709e-09,              0.03125
         1.46041e-09,             0.031875
         1.67081e-09,               0.0325
         1.91247e-09,             0.033125
         2.19023e-09,              0.03375
         2.50974e-09,             0.034375
         2.87756e-09,                0.035
         3.30136e-09,             0.035625
         3.79005e-09,              0.03625
         4.35409e-09,             0.036875
         5.00567e-09,               0.0375
         5.75912e-09,             0.038125
         6.63121e-09,              0.03875
         7.64165e-09,             0.039375
         8.81363e-09,                 0.04
         1.01744e-08,             0.040625
         1.17563e-08,              0.04125
         1.35973e-08,             0.041875
         1.57423e-08,               0.0425
         1.82449e-08,             0.043125
         2.11682e-08,              0.04375
         2.45877e-08,             0.044375
          2.8593e-08,                0.045
         3.32912e-08,             0.045625
         3.88104e-08,              0.04625
         4.53038e-08,             0.046875
         5.29556e-08,               0.0475
         6.19872e-08,             0.048125
         7.26656e-08,              0.04875
         8.53134e-08,             0.049375
         1.00321e-07,                 0.05
         1.18163e-07,             0.050625
         1.39415e-07,              0.05125
         1.64783e-07,             0.051875
         1.95127e-07,               0.0525
         2.31503e-07,             0.053125
         2.75212e-07,              0.05375
         3.27857e-07,             0.054375
         3.91425e-07,                0.055
         4.68381e-07,             0.055625
         5.61799e-07,              0.05625
         6.75525e-07,             0.056875
         8.14385e-07,               0.0575
         8.95084e-07,            0.0578125
         9.84465e-07,             0.058125
         1.08354e-06,            0.0584375
         1.19347e-06,              0.05875
         1.31552e-06,            0.0590625
         1.45118e-06,             0.059375
         1.60208e-06,            0.0596875
          1.7701e-06,                 0.06
         1.95737e-06,            0.0603125
         2.16628e-06,             0.060625
         2.39959e-06,            0.0609375
         2.66041e-06,              0.06125
         2.95231e-06,            0.0615625
         3.27933e-06,             0.061875
         3.64613e-06,            0.0621875
         4.05803e-06,               0.0625
         4.52112e-06,            0.0628125
         5.04242e-06,             0.063125
            5.63e-06,            0.0634375
         6.29316e-06,              0.06375
         7.04265e-06,            0.0640625
         7.89088e-06,             0.064375
         8.85229e-06,            0.0646875
          9.9436e-06,                0.065
         1.11843e-05,            0.0653125
         1.25972e-05,             0.065625
         1.42088e-05,            0.0659375
         1.60502e-05,              0.06625
         1.81581e-05,            0.0665625
         2.05757e-05,             0.066875
         2.33536e-05,            0.0671875
         2.65524e-05,               0.0675
         3.02434e-05,            0.0678125
         3.45119e-05,             0.068125
         3.94598e-05,            0.0684375
          4.5209e-05,              0.06875
         5.19065e-05,            0.0690625
         5.97293e-05,             0.069375
         6.88923e-05,            0.0696875
         7.96568e-05,                 0.07
         9.23419e-05,            0.0703125
          0.00010734,             0.070625
         0.000125133,            0.0709375
         0.000146322,              0.07125
         0.000171652,            0.0715625
          0.00020206,             0.071875
         0.000238726,            0.0721875
         0.000283149,               0.0725
         0.000337247,            0.0728125
          0.00036867,            0.0729687
          0.00040349,             0.073125
         0.000442134,            0.0732813
         0.000485089,            0.0734375
         0.000532914,            0.0735938
         0.000586253,              0.07375
         0.000645849,            0.0739063
         0.000712561,            0.0740625
         0.000787384,            0.0742188
         0.000871478,             0.074375
         0.000966195,            0.0745313
          0.00107312,            0.0746875
          0.00119412,            0.0748438
          0.00133138,                0.075
          0.00148751,            0.0751563
           0.0016656,            0.0753125
          0.00186936,            0.0754688
          0.00210321,             0.075625
           0.0023725,            0.0757813
          0.00268373,            0.0759375
          0.00304481,            0.0760938
          0.00346543,              0.07625
          0.00395761,            0.0764063
          0.00453624,            0.0765625
          0.00522001,            0.0767188
          0.00603253,             0.076875
          0.00700388,            0.0770313
           0.0081728,            0.0771875
          0.00958963,            0.0773438
           0.0113206,               0.0775
           0.0123304,            0.0775781
            0.013454,            0.0776563
           0.0147072,            0.0777344
           0.0161088,            0.0778125
           0.0176806,            0.0778906
           0.0194485,            0.0779688
            0.021443,            0.0780469
           0.0237006,             0.078125
           0.0262649,            0.0782031
           0.0291883,            0.0782813
           0.0325343,            0.0783594
             0.03638,            0.0784375
           0.0408196,            0.0785156
           0.0459693,            0.0785938
           0.0519729,            0.0786719
           0.0590095,              0.07875
           0.0673041,            0.0788281
           0.0771408,            0.0789063
           0.0888806,            0.0789844
            0.102985,            0.0790625
            0.120048,            0.0791406
            0.140833,            0.0792188
            0.166324,            0.0792969
            0.197784,             0.079375
            0.236809,            0.0794531
            0.285354,            0.0795312
            0.345684,            0.0796094
            0.420093,            0.0796875
            0.510206,            0.0797656
            0.615522,            0.0798437
            0.731102,            0.0799219
            0.845133,                 0.08
            0.895883,            0.0800391
             0.93891,            0.0800781
            0.971727,            0.0801172
            0.992421,            0.0801563
             0.99997,            0.0801953
            0.994395,            0.0802344
            0.976721,            0.0802734
            0.948752,            0.0803125
            0.912747,            0.0803516
            0.871084,            0.0803906
             0.77939,            0.0804688
            0.687324,            0.0805469
            0.602571,             0.080625
            0.528217,            0.0807031
            0.464652,            0.0807812
            0.410991,            0.0808594
            0.365902,            0.0809375
            0.328012,            0.0810156
            0.296082,            0.0810937
            0.269058,            0.0811719
            0.246068,              0.08125
            0.226402,            0.0813281
            0.209488,            0.0814063
            0.194862,            0.0814844
             0.18215,            0.0815625
             0.17105,            0.0816406
            0.161313,            0.0817188
            0.145158,             0.081875
            0.132456,            0.0820312
            0.122358,            0.0821875
            0.114267,            0.0823437
            0.107753,               0.0825
            0.102503,            0.0826563
           0.0982851,            0.0828125
           0.0949251,            0.0829688
           0.0922915,             0.083125
           0.0888271,            0.0834375
            0.087347,              0.08375
           0.0875477,            0.0840625
           0.0892856,             0.084375
           0.0925357,            0.0846875
           0.0973732,                0.085
            0.103971,            0.0853125
            0.112611,             0.085625
            0.123705,            0.0859375
             0.13783,              0.08625
            0.155787,            0.0865625
            0.166532,            0.0867188
            0.178677,             0.086875
            0.192423,            0.0870313
            0.208007,            0.0871875
            0.225703,            0.0873437
            0.245827,               0.0875
            0.268743,            0.0876563
            0.294862,            0.0878125
            0.324641,            0.0879688
             0.35857,             0.088125
            0.397153,            0.0882813
            0.440862,            0.0884375
            0.490065,            0.0885937
             0.54491,              0.08875
            0.605164,            0.0889063
            0.669993,            0.0890625
            0.737722,            0.0892188
            0.805626,             0.089375
            0.869883,            0.0895313
            0.925814,            0.0896875
            0.968526,            0.0898438
            0.993882,                 0.09
            0.999505,            0.0901563
            0.985398,            0.0903125
            0.953873,            0.0904688
            0.908866,             0.090625
            0.854946,            0.0907813
            0.796443,            0.0909375
            0.736906,            0.0910938
            0.678907,              0.09125
            0.573409,            0.0915625
            0.485506,             0.091875
             0.41475,            0.0921875
            0.358562,               0.0925
             0.31406,            0.0928125
            0.278723,             0.093125
            0.250532,            0.0934375
            0.227934,              0.09375
            0.209751,            0.0940625
            0.195093,             0.094375
            0.183293,            0.0946875
            0.173844,                0.095
            0.166364,            0.0953125
            0.160565,             0.095625
            0.156232,            0.0959375
            0.153205,              0.09625
             0.15066,             0.096875
            0.152463,               0.0975
            0.158645,             0.098125
            0.163516,            0.0984375
            0.169713,              0.09875
            0.177385,            0.0990625
            0.186729,             0.099375
            0.197997,            0.0996875
            0.211506,                  0.1
            0.227656,             0.100312
            0.246946,             0.100625
            0.269996,             0.100938
            0.297568,              0.10125
            0.330589,             0.101562
            0.370153,             0.101875
            0.417491,             0.102188
            0.473865,               0.1025
            0.540312,             0.102813
            0.617133,             0.103125
            0.703003,             0.103438
             0.79372,              0.10375
            0.880982,             0.104063
            0.952341,             0.104375
            0.993844,             0.104688
            0.995529,                0.105
            0.956606,             0.105313
            0.885967,             0.105625
            0.797503,             0.105938
            0.704307,              0.10625
            0.615448,             0.106563
            0.535683,             0.106875
            0.466622,             0.107188
            0.408055,               0.1075
            0.358927,             0.107813
            0.317913,             0.108125
            0.283707,             0.108438
            0.255145,              0.10875
             0.23124,             0.109063
            0.211181,             0.109375
            0.194305,             0.109687
            0.180081,                 0.11
            0.168081,             0.110313
            0.157962,             0.110625
            0.149451,             0.110937
            0.142329,              0.11125
            0.136424,             0.111563
            0.131599,             0.111875
            0.124798,               0.1125
            0.121394,             0.113125
            0.121209,              0.11375
            0.122363,             0.114063
            0.124415,             0.114375
            0.127453,             0.114687
            0.131601,                0.115
            0.137031,             0.115313
            0.143973,             0.115625
            0.152742,             0.115937
            0.163764,              0.11625
             0.17762,             0.116563
            0.195117,             0.116875
             0.21738,             0.117188
            0.230772,             0.117344
            0.246001,               0.1175
            0.263371,             0.117656
            0.283251,             0.117813
            0.306077,             0.117969
            0.332366,             0.118125
            0.362724,             0.118281
            0.397848,             0.118438
            0.438506,             0.118594
            0.485494,              0.11875
            0.539528,             0.118906
            0.601037,             0.119063
            0.669804,             0.119219
            0.744393,             0.119375
            0.821396,             0.119531
            0.894697,             0.119688
            0.955319,             0.119844
            0.992679,                 0.12
            0.997691,             0.120156
            0.966665,             0.120313
            0.903446,             0.120469
            0.817956,             0.120625
             0.72217,             0.120781
             0.62633,             0.120938
             0.53718,             0.121094
            0.458069,              0.12125
            0.389918,             0.121406
            0.332236,             0.121562
            0.283882,             0.121719
            0.243517,             0.121875
             0.20984,             0.122031
            0.181697,             0.122188
            0.158102,             0.122344
            0.138241,               0.1225
            0.121447,             0.122656
            0.107177,             0.122812
           0.0949936,             0.122969
           0.0845407,             0.123125
           0.0755301,             0.123281
           0.0677274,             0.123438
           0.0609407,             0.123594
            0.055013,              0.12375
           0.0498145,             0.123906
           0.0452383,             0.124062
            0.041195,             0.124219
           0.0376102,             0.124375
           0.0344216,             0.124531
           0.0315764,             0.124688
           0.0290301,             0.124844
           0.0267449,                0.125
           0.0228331,             0.125312
           0.0196342,             0.125625
           0.0169943,             0.125937
           0.0147975,              0.12625
           0.0129556,             0.126563
           0.0114004,             0.126875
           0.0100788,             0.127188
          0.00894914,               0.1275
          0.00797813,             0.127812
          0.00713925,             0.128125
          0.00641107,             0.128437
          0.00577617,              0.12875
           0.0052203,             0.129063
          0.00473172,             0.129375
           0.0043007,             0.129688
          0.00391916,                 0.13
          0.00358031,             0.130312
          0.00327844,             0.130625
          0.00300873,             0.130937
          0.00276709,              0.13125
          0.00235455,             0.131875
          0.00201844,               0.1325
          0.00174214,             0.133125
          0.00151315,              0.13375
          0.00132194,             0.134375
          0.00116116,                0.135
           0.0010251,             0.135625
         0.000909277,              0.13625
         0.000810126,             0.136875
         0.000724808,               0.1375
         0.000651035,             0.138125
         0.000586953,              0.13875
         0.000531049,             0.139375
         0.000482081,                 0.14
         0.000439025,             0.140625
         0.000401029,              0.14125
         0.000367384,             0.141875
         0.000337493,               0.1425
         0.000310855,             0.143125
         0.000287047,              0.14375
          0.00024653,                0.145
         0.000213643,              0.14625
         0.000186692,               0.1475
         0.000164411,              0.14875
         0.000145842,                 0.15
         0.000130252,              0.15125
         0.000117072,               0.1525
          0.00010586,              0.15375
         9.62669e-05,                0.155
         8.80147e-05,              0.15625
         8.08813e-05,               0.1575
         7.46872e-05,              0.15875
         6.92867e-05,                 0.16
         6.45604e-05,              0.16125
         6.04105e-05,               0.1625
         5.67556e-05,              0.16375
         5.35284e-05,                0.165
         4.81403e-05,               0.1675
         4.38941e-05,                 0.17
         4.05378e-05,               0.1725
         3.78885e-05,                0.175
         3.58123e-05,               0.1775
         3.42099e-05,                 0.18
         3.30082e-05,               0.1825
         3.21531e-05,                0.185
         3.16054e-05,               0.1875
         3.13376e-05,                 0.19
         3.13316e-05,               0.1925
         3.15774e-05,                0.195
         3.28195e-05,                  0.2
         3.51181e-05,                0.205
         3.67091e-05,               0.2075
         3.86332e-05,                 0.21
         4.09299e-05,               0.2125
         4.36486e-05,                0.215
         4.68507e-05,               0.2175
         5.06119e-05,                 0.22
         5.50254e-05,               0.2225
         6.02058e-05,                0.225
         6.62943e-05,               0.2275
         7.34658e-05,                 0.23
         8.19371e-05,               0.2325
         9.19786e-05,                0.235
         0.000103929,               0.2375
         0.000118216,                 0.24
         0.000135381,               0.2425
         0.000156116,                0.245
          0.00018131,               0.2475
         0.000212116,                 0.25
         0.000250041,               0.2525
          0.00027227,              0.25375
         0.000297069,                0.255
          0.00032479,              0.25625
         0.000355842,               0.2575
         0.000390699,              0.25875
         0.000429913,                 0.26
          0.00047413,              0.26125
         0.000524108,               0.2625
         0.000580737,              0.26375
         0.000645068,                0.265
         0.000718345,              0.26625
         0.000802045,               0.2675
         0.000897932,              0.26875
          0.00100812,                 0.27
          0.00113513,              0.27125
          0.00128205,               0.2725
          0.00145258,              0.27375
          0.00165126,                0.275
          0.00188364,              0.27625
          0.00215656,               0.2775
          0.00247849,              0.27875
          0.00286001,                 0.28
          0.00331435,              0.28125
          0.00385829,               0.2825
          0.00451313,              0.28375
          0.00530625,                0.285
          0.00627304,              0.28625
           0.0068355,             0.286875
          0.00745977,               0.2875
          0.00815395,             0.288125
          0.00892744,              0.28875
          0.00979106,             0.289375
           0.0107574,                 0.29
           0.0118411,             0.290625
           0.0130594,              0.29125
           0.0144323,             0.291875
           0.0159833,               0.2925
           0.0177405,             0.293125
           0.0197367,              0.29375
           0.0220113,             0.294375
            0.024611,                0.295
           0.0275921,             0.295625
           0.0310221,              0.29625
           0.0349827,             0.296875
           0.0395732,               0.2975
           0.0449143,             0.298125
           0.0511541,              0.29875
           0.0584745,             0.299375
              0.0671,                  0.3
           0.0773082,             0.300625
           0.0894439,              0.30125
            0.103935,             0.301875
            0.121314,               0.3025
            0.142237,             0.303125
            0.167514,              0.30375
             0.19812,             0.304375
            0.235213,                0.305
            0.280099,             0.305625
            0.334147,              0.30625
            0.398582,             0.306875
            0.474093,               0.3075
            0.560209,             0.308125
            0.654472,              0.30875
            0.751675,             0.309375
            0.843726,                 0.31
            0.920824,             0.310625
            0.974064,              0.31125
            0.998399,             0.311875
            0.994206,               0.3125
            0.966515,             0.313125
            0.922668,              0.31375
             0.86996,             0.314375
            0.814234,                0.315
            0.759484,             0.315625
            0.708086,              0.31625
            0.619291,               0.3175
            0.549816,              0.31875
            0.497137,                 0.32
            0.457978,              0.32125
            0.429503,               0.3225
            0.409534,              0.32375
            0.396488,                0.325
            0.389248,              0.32625
            0.387051,               0.3275
              0.3894,              0.32875
            0.396002,                 0.33
            0.406719,              0.33125
            0.421531,               0.3325
            0.440513,              0.33375
            0.463798,                0.335
            0.523927,               0.3375
            0.602727,                 0.34
            0.698529,               0.3425
            0.803981,                0.345
            0.855733,              0.34625
            0.903348,               0.3475
              0.9439,              0.34875
            0.974687,                 0.35
            0.993698,              0.35125
                   1,               0.3525
            0.993891,              0.35375
            0.976782,                0.355
            0.950855,              0.35625
            0.918636,               0.3575
            0.844953,                 0.36
            0.771245,               0.3625
            0.706248,                0.365
            0.653427,               0.3675
            0.613332,                 0.37
            0.585286,               0.3725
            0.568314,                0.375
            0.561554,               0.3775
            0.564418,                 0.38
            0.576602,               0.3825
            0.598035,                0.385
            0.628755,               0.3875
            0.668702,                 0.39
            0.717392,               0.3925
            0.773439,                0.395
            0.833964,               0.3975
             0.89408,                  0.4
            0.946866,               0.4025
             0.98438,                0.405
            0.999828,               0.4075
            0.990103,                 0.41
            0.957105,               0.4125
            0.906872,                0.415
            0.847184,               0.4175
            0.785207,                 0.42
            0.726219,               0.4225
            0.673433,                0.425
            0.628429,               0.4275
            0.591731,                 0.43
            0.563303,               0.4325
            0.542886,                0.435
            0.530217,               0.4375
            0.525163,                 0.44
             0.52779,               0.4425
            0.538417,                0.445
            0.557634,               0.4475
            0.586292,                 0.45
            0.625413,               0.4525
            0.675935,                0.455
            0.738098,               0.4575
            0.810212,                 0.46
             0.88656,               0.4625
            0.922802,              0.46375
            0.954914,                0.465
            0.980249,              0.46625
            0.996012,               0.4675
            0.999653,              0.46875
            0.989359,                 0.47
            0.964499,              0.47125
             0.92586,               0.4725
            0.875568,              0.47375
            0.816689,                0.475
            0.752676,              0.47625
            0.686824,               0.4775
              0.5599,                 0.48
            0.502181,              0.48125
            0.449428,               0.4825
            0.401872,              0.48375
            0.359421,                0.485
            0.321785,              0.48625
            0.288565,               0.4875
            0.259321,              0.48875
            0.233607,                 0.49
            0.211002,              0.49125
            0.191117,               0.4925
            0.173604,              0.49375
            0.158154,                0.495
            0.144498,              0.49625
            0.132402,               0.4975
            0.121664,              0.49875
            0.112107,                  0.5

