------------------------------------------------------------
 Transmission Coefficient on refined energy grid using transfer matrices
------------------------------------------------------------
Transmission Coefficient, Energy (eV)
         1.33165e-16,                0.005
         1.65071e-16,             0.005625
         2.02178e-16,              0.00625
         2.45254e-16,             0.006875
         2.95175e-16,               0.0075
         3.52942e-16,             0.008125
         4.19702e-16,              0.00875
         4.96762e-16,             0.009375
         5.85623e-16,                 0.01
         6.87995e-16,             0.010625
         8.05839e-16,              0.01125
         9.41396e-16,             0.011875
         1.09723e-15,               0.0125
         1.27628e-15,             0.013125
         1.48191e-15,              0.01375
         1.71797e-15,             0.014375
         1.98886e-15,                0.015
         2.29965e-15,             0.015625
         2.65613e-15,              0.01625
         3.06495e-15,             0.016875
         3.53373e-15,               0.0175
         4.07122e-15,             0.018125
         4.68748e-15,              0.01875
         5.39405e-15,             0.019375
         6.20421e-15,                 0.02
          7.1332e-15,             0.020625
         8.19858e-15,              0.02125
         9.42056e-15,             0.021875
         1.08224e-14,               0.0225
          1.2431e-14,             0.023125
         1.42772e-14,              0.02375
         1.63966e-14,             0.024375
         1.88306e-14,                0.025
         2.16267e-14,             0.025625
         2.48399e-14,              0.02625
         2.85339e-14,             0.026875
         3.27823e-14,               0.0275
         3.76706e-14,             0.028125
         4.32978e-14,              0.02875
         4.97786e-14,             0.029375
         5.72466e-14,                 0.03
         6.58567e-14,             0.030625
         7.57893e-14,              0.03125
         8.72544e-14,             0.031875
         1.00497e-13,               0.0325
         1.15802e-13,             0.033125
         1.33502e-13,              0.03375
         1.53988e-13,             0.034375
         1.77715e-13,                0.035
         2.05217e-13,             0.035625
         2.37118e-13,              0.03625
         2.74153e-13,             0.036875
         3.17185e-13,               0.0375
         3.67228e-13,             0.038125
         4.25476e-13,              0.03875
         4.93339e-13,             0.039375
          5.7248e-13,                 0.04
         6.64864e-13,             0.040625
          7.7282e-13,              0.04125
         8.99104e-13,             0.041875
         1.04699e-12,               0.0425
         1.22038e-12,             0.043125
         1.42389e-12,              0.04375
         1.66305e-12,             0.044375
         1.94447e-12,                0.045
         2.27602e-12,             0.045625
         2.66716e-12,              0.04625
         3.12924e-12,             0.046875
          3.6759e-12,               0.0475
         4.32357e-12,             0.048125
         5.09206e-12,              0.04875
         6.00536e-12,             0.049375
         7.09251e-12,                 0.05
         8.38877e-12,             0.050625
         9.93704e-12,              0.05125
         1.17896e-11,             0.051875
         1.40105e-11,               0.0525
         1.66779e-11,             0.053125
         1.98882e-11,              0.05375
         2.37597e-11,             0.054375
         2.84387e-11,                0.055
         3.41061e-11,             0.055625
         4.09868e-11,              0.05625
         4.93605e-11,             0.056875
         5.95767e-11,               0.0575
         7.20733e-11,             0.058125
         7.93435e-11,            0.0584375
         8.74006e-11,              0.05875
         9.63362e-11,            0.0590625
         1.06253e-10,             0.059375
         1.17268e-10,            0.0596875
          1.2951e-10,                 0.06
         1.43129e-10,            0.0603125
         1.58289e-10,             0.060625
          1.7518e-10,            0.0609375
         1.94015e-10,              0.06125
         2.15036e-10,            0.0615625
         2.38515e-10,             0.061875
         2.64766e-10,            0.0621875
          2.9414e-10,               0.0625
          3.2704e-10,            0.0628125
         3.63926e-10,             0.063125
          4.0532e-10,            0.0634375
          4.5182e-10,              0.06375
          5.0411e-10,            0.0640625
         5.62972e-10,             0.064375
         6.29304e-10,            0.0646875
         7.04138e-10,                0.065
         7.88661e-10,            0.0653125
         8.84237e-10,             0.065625
         9.92444e-10,            0.0659375
          1.1151e-09,              0.06625
         1.25432e-09,            0.0665625
         1.41254e-09,             0.066875
         1.59259e-09,            0.0671875
         1.79779e-09,               0.0675
         2.03196e-09,            0.0678125
         2.29961e-09,             0.068125
         2.60597e-09,            0.0684375
         2.95721e-09,              0.06875
         3.36056e-09,            0.0690625
         3.82451e-09,             0.069375
          4.3591e-09,            0.0696875
         4.97619e-09,                 0.07
         5.68985e-09,            0.0703125
         6.51675e-09,             0.070625
          7.4768e-09,            0.0709375
         8.59373e-09,              0.07125
         9.89596e-09,            0.0715625
         1.14176e-08,             0.071875
         1.31998e-08,            0.0721875
         1.52922e-08,               0.0725
         1.77549e-08,            0.0728125
         2.06611e-08,             0.073125
         2.40999e-08,            0.0734375
         2.81807e-08,              0.07375
         3.30377e-08,            0.0740625
         3.88364e-08,             0.074375
         4.57824e-08,            0.0746875
         5.41308e-08,                0.075
         6.42012e-08,            0.0753125
         7.63947e-08,             0.075625
         9.12178e-08,            0.0759375
         1.09313e-07,              0.07625
         1.19836e-07,            0.0764063
         1.31502e-07,            0.0765625
         1.44449e-07,            0.0767188
         1.58837e-07,             0.076875
         1.74846e-07,            0.0770313
         1.92681e-07,            0.0771875
         2.12577e-07,            0.0773438
         2.34804e-07,               0.0775
         2.59669e-07,            0.0776563
         2.87527e-07,            0.0778125
         3.18786e-07,            0.0779688
         3.53914e-07,             0.078125
         3.93456e-07,            0.0782813
         4.38041e-07,            0.0784375
         4.88398e-07,            0.0785938
         5.45379e-07,              0.07875
         6.09974e-07,            0.0789063
         6.83342e-07,            0.0790625
         7.66842e-07,            0.0792188
         8.62071e-07,             0.079375
         9.70912e-07,            0.0795312
         1.09559e-06,            0.0796875
         1.23875e-06,            0.0798437
         1.40353e-06,                 0.08
         1.59367e-06,            0.0801563
         1.81366e-06,            0.0803125
          2.0689e-06,            0.0804688
         2.36589e-06,             0.080625
         2.71252e-06,            0.0807812
         3.11835e-06,            0.0809375
         3.59508e-06,            0.0810937
         4.15707e-06,              0.08125
         4.82197e-06,            0.0814063
         5.61168e-06,            0.0815625
         6.55342e-06,            0.0817188
         7.68128e-06,             0.081875
          9.0381e-06,            0.0820312
         1.06782e-05,            0.0821875
         1.26705e-05,            0.0823437
         1.51038e-05,               0.0825
         1.65203e-05,            0.0825781
         1.80923e-05,            0.0826563
         1.98395e-05,            0.0827344
         2.17846e-05,            0.0828125
         2.39533e-05,            0.0828906
         2.63754e-05,            0.0829688
         2.90851e-05,            0.0830469
         3.21219e-05,             0.083125
         3.55313e-05,            0.0832031
         3.93662e-05,            0.0832813
          4.3688e-05,            0.0833594
         4.85683e-05,            0.0834375
         5.40903e-05,            0.0835156
         6.03515e-05,            0.0835937
         6.74664e-05,            0.0836719
         7.55693e-05,              0.08375
         8.48185e-05,            0.0838281
          9.5401e-05,            0.0839063
         0.000107538,            0.0839844
         0.000121494,            0.0840625
          0.00013758,            0.0841406
         0.000156171,            0.0842188
         0.000177714,            0.0842969
         0.000202745,             0.084375
         0.000231907,            0.0844531
         0.000265978,            0.0845313
         0.000305893,            0.0846094
         0.000352784,            0.0846875
         0.000408021,            0.0847656
         0.000473263,            0.0848437
         0.000550518,            0.0849219
         0.000642218,                0.085
           0.0007513,            0.0850781
         0.000881298,            0.0851563
          0.00103645,            0.0852344
           0.0012218,            0.0853125
          0.00144326,            0.0853906
          0.00170771,            0.0854688
          0.00202291,            0.0855469
          0.00239743,             0.085625
          0.00284019,            0.0857031
          0.00335989,            0.0857813
          0.00396385,            0.0858594
          0.00465645,            0.0859375
          0.00543692,            0.0860156
          0.00629677,            0.0860937
          0.00721708,            0.0861719
          0.00816645,              0.08625
          0.00910057,            0.0863281
          0.00996445,            0.0864063
           0.0106978,            0.0864844
           0.0112437,            0.0865625
           0.0115577,            0.0866406
           0.0116163,            0.0867188
           0.0114213,            0.0867969
           0.0109983,             0.086875
           0.0103909,            0.0869531
          0.00965249,            0.0870313
           0.0088372,            0.0871094
          0.00799362,            0.0871875
          0.00716075,            0.0872656
          0.00636676,            0.0873437
          0.00562967,            0.0874219
          0.00495908,               0.0875
          0.00435821,            0.0875781
          0.00382588,            0.0876563
          0.00335818,            0.0877344
          0.00294964,            0.0878125
          0.00259419,            0.0878906
          0.00228565,            0.0879688
          0.00201815,            0.0880469
          0.00178629,             0.088125
          0.00158521,            0.0882031
          0.00141065,            0.0882813
          0.00125886,            0.0883594
          0.00112664,            0.0884375
          0.00101121,            0.0885156
         0.000910222,            0.0885937
         0.000821648,            0.0886719
         0.000743769,              0.08875
         0.000675119,            0.0888281
          0.00061445,            0.0889063
         0.000560695,            0.0889844
         0.000512945,            0.0890625
         0.000470421,            0.0891406
         0.000432458,            0.0892188
         0.000398483,            0.0892969
         0.000368005,             0.089375
         0.000315902,            0.0895313
         0.000273401,            0.0896875
         0.000238436,            0.0898438
         0.000209438,                 0.09
         0.000185208,            0.0901563
         0.000164816,            0.0903125
          0.00014754,            0.0904688
         0.000132812,             0.090625
         0.000120183,            0.0907813
         0.000109293,            0.0909375
         9.98557e-05,            0.0910938
         9.16366e-05,              0.09125
         8.44465e-05,            0.0914062
           7.813e-05,            0.0915625
          7.2559e-05,            0.0917187
         6.76273e-05,             0.091875
         5.93431e-05,            0.0921875
         5.27274e-05,               0.0925
         4.73881e-05,            0.0928125
         4.30408e-05,             0.093125
         3.94756e-05,            0.0934375
         3.65361e-05,              0.09375
         3.41038e-05,            0.0940625
         3.20882e-05,             0.094375
         3.04198e-05,            0.0946875
         2.90442e-05,                0.095
         2.79193e-05,            0.0953125
         2.70122e-05,             0.095625
         2.57544e-05,              0.09625
         2.51288e-05,             0.096875
         2.50587e-05,               0.0975
          2.5516e-05,             0.098125
         2.65143e-05,              0.09875
         2.81085e-05,             0.099375
         3.04008e-05,                  0.1
         3.18568e-05,             0.100312
         3.35545e-05,             0.100625
         3.55274e-05,             0.100938
         3.78171e-05,              0.10125
         4.04741e-05,             0.101562
         4.35607e-05,             0.101875
         4.71536e-05,             0.102188
         5.13479e-05,               0.1025
         5.62622e-05,             0.102813
         6.20453e-05,             0.103125
         6.88852e-05,             0.103438
         7.70213e-05,              0.10375
         8.67613e-05,             0.104063
         9.85041e-05,             0.104375
         0.000112772,             0.104688
         0.000130257,                0.105
         0.000140483,             0.105156
         0.000151883,             0.105313
         0.000164626,             0.105469
         0.000178907,             0.105625
         0.000194958,             0.105781
          0.00021305,             0.105938
         0.000233506,             0.106094
          0.00025671,              0.10625
         0.000283117,             0.106406
         0.000313275,             0.106563
         0.000347839,             0.106719
         0.000387604,             0.106875
         0.000433528,             0.107031
         0.000486781,             0.107188
         0.000548789,             0.107344
         0.000621301,               0.1075
         0.000706473,             0.107656
         0.000806966,             0.107813
         0.000926079,             0.107969
          0.00106791,             0.108125
          0.00123758,             0.108281
          0.00144145,             0.108438
          0.00168747,             0.108594
          0.00198554,              0.10875
          0.00234787,             0.108906
          0.00278951,             0.109063
           0.0033286,             0.109219
           0.0039866,             0.109375
          0.00478793,             0.109531
          0.00575872,             0.109687
          0.00692393,             0.109844
          0.00830207,                 0.11
          0.00989655,             0.110156
           0.0116835,             0.110313
           0.0135977,             0.110469
           0.0155204,             0.110625
            0.017279,             0.110781
           0.0186651,             0.110937
           0.0194773,             0.111094
           0.0195773,              0.11125
           0.0189366,             0.111406
           0.0176483,             0.111563
           0.0158974,             0.111719
           0.0139043,             0.111875
           0.0118709,             0.112031
          0.00994731,             0.112187
           0.0082231,             0.112344
          0.00673632,               0.1125
          0.00608357,             0.112578
          0.00548897,             0.112656
          0.00494962,             0.112734
          0.00446205,             0.112813
          0.00402248,             0.112891
          0.00362704,             0.112969
          0.00327185,             0.113047
          0.00295318,             0.113125
          0.00266751,             0.113203
          0.00241152,             0.113281
          0.00218217,             0.113359
          0.00197666,             0.113437
          0.00179247,             0.113516
           0.0016273,             0.113594
           0.0014791,             0.113672
          0.00134604,              0.11375
          0.00122645,             0.113828
          0.00111889,             0.113906
         0.000934756,             0.114063
         0.000784852,             0.114219
         0.000662261,             0.114375
         0.000561536,             0.114531
         0.000478383,             0.114687
         0.000409409,             0.114844
         0.000351928,                0.115
         0.000303803,             0.115156
         0.000263329,             0.115313
         0.000229141,             0.115469
          0.00020014,             0.115625
         0.000175437,             0.115781
         0.000154312,             0.115937
         0.000136179,             0.116094
         0.000120555,              0.11625
         0.000107046,             0.116406
         9.53262e-05,             0.116563
         8.51249e-05,             0.116719
         7.62175e-05,             0.116875
         6.84162e-05,             0.117031
         6.15637e-05,             0.117188
         5.55279e-05,             0.117344
         5.01969e-05,               0.1175
         4.54763e-05,             0.117656
         4.12857e-05,             0.117813
         3.75565e-05,             0.117969
         3.42304e-05,             0.118125
          3.1257e-05,             0.118281
         2.85932e-05,             0.118438
         2.62018e-05,             0.118594
         2.40507e-05,              0.11875
          2.0361e-05,             0.119063
         1.73418e-05,             0.119375
          1.4854e-05,             0.119688
         1.27908e-05,                 0.12
         1.10692e-05,             0.120313
         9.62434e-06,             0.120625
         8.40523e-06,             0.120938
          7.3713e-06,              0.12125
         6.49018e-06,             0.121562
         5.73587e-06,             0.121875
          5.0873e-06,             0.122188
         4.52736e-06,               0.1225
         4.04205e-06,             0.122812
         3.61985e-06,             0.123125
         3.25126e-06,             0.123438
         2.92838e-06,              0.12375
         2.64464e-06,             0.124062
         2.39451e-06,             0.124375
         2.17336e-06,             0.124688
         1.97729e-06,                0.125
         1.80298e-06,             0.125312
         1.64762e-06,             0.125625
         1.50879e-06,             0.125937
         1.38444e-06,              0.12625
          1.2728e-06,             0.126563
         1.17236e-06,             0.126875
         9.99959e-07,               0.1275
         8.58674e-07,             0.128125
         7.42011e-07,              0.12875
         6.44997e-07,             0.129375
          5.6379e-07,                 0.13
         4.95392e-07,             0.130625
         4.37447e-07,              0.13125
         3.88088e-07,             0.131875
         3.45825e-07,               0.1325
         3.09462e-07,             0.133125
         2.78029e-07,              0.13375
          2.5074e-07,             0.134375
          2.2695e-07,                0.135
         2.06129e-07,             0.135625
         1.87838e-07,              0.13625
         1.71712e-07,             0.136875
         1.57447e-07,               0.1375
         1.44787e-07,             0.138125
         1.33517e-07,              0.13875
         1.23454e-07,             0.139375
         1.14445e-07,                 0.14
         9.90782e-08,              0.14125
         8.65706e-08,               0.1425
         7.62966e-08,              0.14375
         6.77859e-08,                0.145
         6.06814e-08,              0.14625
          5.4709e-08,               0.1475
         4.96558e-08,              0.14875
         4.53555e-08,                 0.15
         4.16764e-08,              0.15125
         3.85141e-08,               0.1525
         3.57843e-08,              0.15375
         3.34195e-08,                0.155
         3.13643e-08,              0.15625
         2.95736e-08,               0.1575
         2.66439e-08,                 0.16
         2.44034e-08,               0.1625
         2.26942e-08,                0.165
         2.14053e-08,               0.1675
         2.04576e-08,                 0.17
          1.9795e-08,               0.1725
         1.93777e-08,                0.175
         1.91786e-08,               0.1775
         1.91799e-08,                 0.18
         1.93719e-08,               0.1825
         1.97512e-08,                0.185
         2.03207e-08,               0.1875
         2.10886e-08,                 0.19
          2.2069e-08,               0.1925
         2.32819e-08,                0.195
         2.47541e-08,               0.1975
         2.65196e-08,                  0.2
         2.86218e-08,               0.2025
         3.11141e-08,                0.205
         3.40631e-08,               0.2075
          3.7551e-08,                 0.21
         4.16794e-08,               0.2125
         4.65741e-08,                0.215
         5.23913e-08,               0.2175
         5.93255e-08,                 0.22
         6.76199e-08,               0.2225
         7.75801e-08,                0.225
         8.95914e-08,               0.2275
         1.04143e-07,                 0.23
         1.21857e-07,               0.2325
         1.43532e-07,                0.235
         1.70199e-07,               0.2375
         1.85807e-07,              0.23875
         2.03193e-07,                 0.24
         2.22588e-07,              0.24125
         2.44258e-07,               0.2425
         2.68507e-07,              0.24375
         2.95686e-07,                0.245
         3.26199e-07,              0.24625
         3.60511e-07,               0.2475
         3.99162e-07,              0.24875
         4.42777e-07,                 0.25
         4.92081e-07,              0.25125
         5.47919e-07,               0.2525
         6.11274e-07,              0.25375
         6.83296e-07,                0.255
         7.65332e-07,              0.25625
         8.58962e-07,               0.2575
         9.66045e-07,              0.25875
         1.08877e-06,                 0.26
         1.22974e-06,              0.26125
         1.39201e-06,               0.2625
         1.57924e-06,              0.26375
         1.79577e-06,                0.265
          2.0468e-06,              0.26625
         2.33855e-06,               0.2675
          2.6785e-06,              0.26875
         3.07565e-06,                 0.27
         3.54092e-06,              0.27125
         4.08752e-06,               0.2725
         4.73155e-06,              0.27375
         5.49267e-06,                0.275
           6.395e-06,              0.27625
         7.46822e-06,               0.2775
         8.74898e-06,              0.27875
         1.02828e-05,                 0.28
         1.21264e-05,              0.28125
         1.43508e-05,               0.2825
         1.70452e-05,              0.28375
         2.03224e-05,                0.285
          2.4326e-05,              0.28625
         2.66555e-05,             0.286875
         2.92389e-05,               0.2875
         3.21074e-05,             0.288125
         3.52964e-05,              0.28875
         3.88461e-05,             0.289375
         4.28024e-05,                 0.29
         4.72178e-05,             0.290625
         5.21523e-05,              0.29125
         5.76744e-05,             0.291875
         6.38632e-05,               0.2925
         7.08092e-05,             0.293125
          7.8617e-05,              0.29375
         8.74072e-05,             0.294375
         9.73191e-05,                0.295
         0.000108514,             0.295625
         0.000121181,              0.29625
         0.000135536,             0.296875
         0.000151836,               0.2975
         0.000170376,             0.298125
         0.000191508,              0.29875
         0.000215638,             0.299375
         0.000243251,                  0.3
         0.000274913,             0.300625
           0.0003113,              0.30125
         0.000353208,             0.301875
         0.000401589,               0.3025
         0.000457577,             0.303125
         0.000522527,              0.30375
          0.00059807,             0.304375
         0.000686165,                0.305
         0.000789181,             0.305625
         0.000909989,              0.30625
          0.00105208,             0.306875
          0.00121971,               0.3075
          0.00141809,             0.308125
          0.00165362,              0.30875
          0.00193421,             0.309375
          0.00226963,                 0.31
          0.00267202,             0.310625
           0.0031565,              0.31125
          0.00374201,             0.311875
           0.0044523,               0.3125
          0.00531729,             0.313125
          0.00637475,              0.31375
          0.00699014,             0.314062
          0.00767249,             0.314375
          0.00842983,             0.314688
          0.00927115,                0.315
           0.0102066,             0.315312
           0.0112477,             0.315625
           0.0124073,             0.315938
           0.0136999,              0.31625
           0.0151418,             0.316563
           0.0167515,             0.316875
           0.0185495,             0.317188
           0.0205589,               0.3175
           0.0228055,             0.317812
           0.0253182,             0.318125
           0.0281288,             0.318437
           0.0312728,              0.31875
            0.034789,             0.319062
             0.03872,             0.319375
           0.0431119,             0.319688
           0.0480144,                 0.32
           0.0534799,             0.320312
           0.0595636,             0.320625
            0.066322,             0.320938
           0.0738117,              0.32125
           0.0820874,             0.321563
           0.0912001,             0.321875
            0.101193,             0.322188
            0.112101,               0.3225
            0.136714,             0.323125
            0.164941,              0.32375
             0.19625,             0.324375
             0.22959,                0.325
            0.263401,             0.325625
            0.295753,              0.32625
            0.324601,             0.326875
            0.348098,               0.3275
             0.36485,             0.328125
            0.374075,              0.32875
            0.375639,             0.329375
             0.36999,                 0.33
            0.358038,             0.330625
            0.341005,              0.33125
            0.320265,             0.331875
            0.297194,               0.3325
            0.273048,             0.333125
            0.248877,              0.33375
            0.203431,                0.335
            0.183054,             0.335625
            0.164515,              0.33625
            0.147846,             0.336875
            0.132986,               0.3375
             0.11982,             0.338125
            0.108205,              0.33875
           0.0979827,             0.339375
           0.0889996,                 0.34
           0.0811085,             0.340625
           0.0741743,              0.34125
           0.0680756,             0.341875
           0.0627048,               0.3425
           0.0579676,             0.343125
            0.053782,              0.34375
           0.0500768,             0.344375
           0.0467908,                0.345
           0.0412721,              0.34625
            0.036885,               0.3475
            0.033377,              0.34875
           0.0305599,                 0.35
           0.0282931,              0.35125
           0.0264706,               0.3525
           0.0250125,              0.35375
            0.023858,                0.355
           0.0229609,              0.35625
           0.0222863,               0.3575
            0.021808,              0.35875
           0.0215067,                 0.36
           0.0213853,               0.3625
           0.0218662,                0.365
           0.0229539,               0.3675
           0.0247076,                 0.37
           0.0258687,              0.37125
           0.0272458,               0.3725
           0.0288652,              0.37375
           0.0307588,                0.375
           0.0329654,              0.37625
           0.0355319,               0.3775
           0.0385147,              0.37875
           0.0419819,                 0.38
            0.046015,              0.38125
           0.0507117,               0.3825
           0.0561889,              0.38375
           0.0625862,                0.385
           0.0700689,              0.38625
           0.0788325,               0.3875
           0.0891054,              0.38875
            0.101151,                 0.39
            0.115268,              0.39125
            0.131785,               0.3925
            0.151052,              0.39375
            0.173418,                0.395
            0.199197,              0.39625
            0.228624,               0.3975
            0.261785,              0.39875
            0.298544,                  0.4
             0.33847,              0.40125
            0.380782,               0.4025
            0.467705,                0.405
            0.509258,              0.40625
            0.547372,               0.4075
            0.580583,              0.40875
             0.60772,                 0.41
             0.62796,              0.41125
             0.64082,               0.4125
            0.646105,              0.41375
            0.643851,                0.415
            0.634287,              0.41625
             0.61783,               0.4175
            0.595101,              0.41875
            0.566938,                 0.42
            0.498666,               0.4225
            0.422803,                0.425
            0.348723,               0.4275
            0.314505,              0.42875
            0.282844,                 0.43
            0.253972,              0.43125
            0.227946,               0.4325
            0.204698,              0.43375
            0.184073,                0.435
            0.165867,              0.43625
            0.149851,               0.4375
            0.135794,              0.43875
            0.123472,                 0.44
            0.112676,              0.44125
            0.103218,               0.4425
           0.0949269,              0.44375
           0.0876548,                0.445
           0.0812711,              0.44625
           0.0756626,               0.4475
           0.0707316,              0.44875
           0.0663938,                 0.45
           0.0592197,               0.4525
           0.0536783,                0.455
           0.0494321,               0.4575
           0.0462372,                 0.46
           0.0439203,               0.4625
           0.0423627,                0.465
           0.0414903,               0.4675
           0.0412677,                 0.47
           0.0416957,               0.4725
           0.0428139,                0.475
           0.0447071,               0.4775
           0.0475184,                 0.48
           0.0514722,               0.4825
           0.0539791,              0.48375
           0.0569137,                0.485
            0.060349,              0.48625
           0.0643765,               0.4875
           0.0691118,              0.48875
           0.0747022,                 0.49
           0.0813368,              0.49125
           0.0892612,               0.4925
           0.0987978,              0.49375
            0.110375,                0.495
            0.124569,              0.49625
            0.142166,               0.4975
            0.164248,              0.49875
            0.192327,                  0.5

