------------------------------------------------------------
 Transmission Coefficient on refined energy grid using transfer matrices
------------------------------------------------------------
Transmission Coefficient, Energy (eV)
         1.49632e-12,                0.005
         1.69824e-12,            0.0053125
         1.92134e-12,             0.005625
         2.16772e-12,            0.0059375
         2.43969e-12,              0.00625
         2.73981e-12,            0.0065625
         3.07088e-12,             0.006875
           3.436e-12,            0.0071875
         3.83857e-12,               0.0075
         4.28235e-12,            0.0078125
         4.77148e-12,             0.008125
         5.31053e-12,            0.0084375
         5.90454e-12,              0.00875
         6.55907e-12,            0.0090625
         7.28027e-12,             0.009375
         8.07494e-12,            0.0096875
         8.95057e-12,                 0.01
         1.09789e-11,             0.010625
         1.34429e-11,              0.01125
          1.6438e-11,             0.011875
         2.00817e-11,               0.0125
         2.45189e-11,             0.013125
         2.99289e-11,              0.01375
         3.30663e-11,            0.0140625
         3.65344e-11,             0.014375
         4.03695e-11,            0.0146875
         4.46125e-11,                0.015
         4.93088e-11,            0.0153125
         5.45096e-11,             0.015625
         6.02721e-11,            0.0159375
         6.66603e-11,              0.01625
         7.37466e-11,            0.0165625
         8.16118e-11,             0.016875
         9.03475e-11,            0.0171875
         1.00056e-10,               0.0175
         1.10855e-10,            0.0178125
         1.22873e-10,             0.018125
         1.36261e-10,            0.0184375
         1.51186e-10,              0.01875
          1.6784e-10,            0.0190625
         1.86438e-10,             0.019375
         2.07229e-10,            0.0196875
         2.30493e-10,                 0.02
         2.56552e-10,            0.0203125
         2.85775e-10,             0.020625
         3.18582e-10,            0.0209375
         3.55458e-10,              0.02125
          3.9696e-10,            0.0215625
         4.43731e-10,             0.021875
         4.96515e-10,            0.0221875
         5.56172e-10,               0.0225
         6.23703e-10,            0.0228125
         7.00272e-10,             0.023125
          7.8724e-10,            0.0234375
         8.86202e-10,              0.02375
          9.9903e-10,            0.0240625
         1.12793e-09,             0.024375
         1.27552e-09,            0.0246875
         1.44489e-09,                0.025
         1.63975e-09,            0.0253125
         1.86451e-09,             0.025625
          2.1245e-09,            0.0259375
         2.42614e-09,              0.02625
         2.77724e-09,            0.0265625
         3.18732e-09,             0.026875
         3.66808e-09,            0.0271875
         4.23398e-09,               0.0275
         4.90301e-09,            0.0278125
         5.69773e-09,             0.028125
         6.64662e-09,            0.0284375
         7.78604e-09,              0.02875
         9.16277e-09,            0.0290625
         1.08377e-08,             0.029375
          1.1811e-08,            0.0295313
         1.28908e-08,            0.0296875
         1.40914e-08,            0.0298438
         1.54291e-08,                 0.03
         1.69235e-08,            0.0301563
         1.85972e-08,            0.0303125
         2.04767e-08,            0.0304687
         2.25938e-08,             0.030625
         2.49857e-08,            0.0307812
         2.76975e-08,            0.0309375
         3.07828e-08,            0.0310937
         3.43068e-08,              0.03125
         3.83488e-08,            0.0314062
         4.30059e-08,            0.0315625
          4.8398e-08,            0.0317188
         5.46748e-08,             0.031875
          6.2024e-08,            0.0320312
         7.06844e-08,            0.0321875
         8.09621e-08,            0.0323438
         9.32551e-08,               0.0325
         1.08087e-07,            0.0326562
         1.26158e-07,            0.0328125
         1.36692e-07,            0.0328906
         1.48418e-07,            0.0329688
         1.61512e-07,            0.0330469
         1.76183e-07,             0.033125
         1.92684e-07,            0.0332031
         2.11316e-07,            0.0332812
         2.32443e-07,            0.0333594
         2.56512e-07,            0.0334375
         2.84068e-07,            0.0335156
         3.15792e-07,            0.0335938
         3.52529e-07,            0.0336719
         3.95353e-07,              0.03375
         4.45631e-07,            0.0338281
         5.05133e-07,            0.0339062
         5.76177e-07,            0.0339844
         6.61849e-07,            0.0340625
         7.66322e-07,            0.0341406
         8.27326e-07,            0.0341797
         8.95348e-07,            0.0342188
         9.71479e-07,            0.0342578
         1.05703e-06,            0.0342969
         1.15359e-06,            0.0343359
         1.26307e-06,             0.034375
         1.38786e-06,            0.0344141
         1.53087e-06,            0.0344531
         1.69575e-06,            0.0344922
         1.88713e-06,            0.0345312
         2.11088e-06,            0.0345703
         2.37461e-06,            0.0346094
         2.68826e-06,            0.0346484
         3.06508e-06,            0.0346875
         3.52294e-06,            0.0347266
         3.78963e-06,            0.0347461
         4.08652e-06,            0.0347656
         4.41829e-06,            0.0347852
         4.79056e-06,            0.0348047
         5.21013e-06,            0.0348242
         5.68527e-06,            0.0348437
         6.22614e-06,            0.0348633
         6.84533e-06,            0.0348828
         7.55855e-06,            0.0349023
          8.3857e-06,            0.0349219
         9.35214e-06,            0.0349414
         1.04907e-05,            0.0349609
         1.18446e-05,            0.0349805
         1.34711e-05,                0.035
         1.54481e-05,            0.0350195
         1.66003e-05,            0.0350293
         1.78835e-05,            0.0350391
         1.93183e-05,            0.0350488
         2.09294e-05,            0.0350586
         2.27468e-05,            0.0350684
          2.4807e-05,            0.0350781
         2.71552e-05,            0.0350879
         2.98473e-05,            0.0350977
         3.29535e-05,            0.0351074
         3.65629e-05,            0.0351172
         4.07899e-05,             0.035127
         4.57832e-05,            0.0351367
         5.17391e-05,            0.0351465
         5.89207e-05,            0.0351562
         6.76875e-05,             0.035166
         7.28148e-05,            0.0351709
          7.8541e-05,            0.0351758
         8.49629e-05,            0.0351807
         9.21974e-05,            0.0351855
         0.000100387,            0.0351904
         0.000109708,            0.0351953
         0.000120376,            0.0352002
         0.000132666,            0.0352051
          0.00014692,              0.03521
          0.00016358,            0.0352148
         0.000183218,            0.0352197
         0.000206586,            0.0352246
         0.000234688,            0.0352295
         0.000268891,            0.0352344
         0.000288846,            0.0352368
         0.000311091,            0.0352393
         0.000335989,            0.0352417
         0.000363978,            0.0352441
         0.000395591,            0.0352466
         0.000431477,             0.035249
          0.00047244,            0.0352515
         0.000519482,            0.0352539
          0.00057386,            0.0352563
         0.000637176,            0.0352588
         0.000711491,            0.0352612
         0.000799492,            0.0352637
         0.000904735,            0.0352661
            0.001032,            0.0352686
          0.00118784,             0.035271
           0.0012792,            0.0352722
          0.00138141,            0.0352734
          0.00149622,            0.0352747
          0.00162579,            0.0352759
          0.00177272,            0.0352771
          0.00194022,            0.0352783
          0.00213225,            0.0352795
          0.00235378,            0.0352808
          0.00261106,             0.035282
          0.00291206,            0.0352832
          0.00326707,            0.0352844
          0.00368947,            0.0352856
          0.00419694,            0.0352869
          0.00481317,            0.0352881
          0.00557028,            0.0352893
          0.00601489,            0.0352899
          0.00651255,            0.0352905
          0.00707159,            0.0352911
          0.00770193,            0.0352917
          0.00841542,            0.0352924
          0.00922625,             0.035293
           0.0101514,            0.0352936
           0.0112115,            0.0352942
           0.0124309,            0.0352948
            0.013839,            0.0352954
           0.0154707,             0.035296
            0.017367,            0.0352966
           0.0195747,            0.0352972
           0.0221458,            0.0352979
           0.0251336,            0.0352985
            0.028586,            0.0352991
           0.0325314,            0.0352997
           0.0369559,            0.0353003
           0.0417691,            0.0353009
           0.0467618,            0.0353015
           0.0515717,            0.0353021
           0.0556871,            0.0353027
           0.0585284,            0.0353033
           0.0596124,             0.035304
           0.0587366,            0.0353046
           0.0560668,            0.0353052
           0.0520644,            0.0353058
           0.0473076,            0.0353064
             0.04232,             0.035307
           0.0374806,            0.0353076
           0.0330132,            0.0353082
           0.0290186,            0.0353088
           0.0255171,            0.0353094
           0.0224835,            0.0353101
           0.0198714,            0.0353107
           0.0176279,            0.0353113
           0.0157008,            0.0353119
           0.0140426,            0.0353125
           0.0126118,            0.0353131
           0.0113731,            0.0353137
           0.0102965,            0.0353143
          0.00935707,            0.0353149
          0.00853398,            0.0353156
          0.00780989,            0.0353162
          0.00717034,            0.0353168
          0.00660326,            0.0353174
          0.00609856,             0.035318
          0.00564774,            0.0353186
          0.00488029,            0.0353198
          0.00425586,             0.035321
          0.00374177,            0.0353223
          0.00331396,            0.0353235
          0.00295447,            0.0353247
          0.00264972,            0.0353259
          0.00238926,            0.0353271
          0.00216501,            0.0353284
          0.00197063,            0.0353296
           0.0018011,            0.0353308
          0.00165238,             0.035332
          0.00152123,            0.0353333
          0.00140501,            0.0353345
          0.00130155,            0.0353357
          0.00120906,            0.0353369
          0.00105128,            0.0353394
         0.000922399,            0.0353418
         0.000815799,            0.0353442
         0.000726639,            0.0353467
         0.000651323,            0.0353491
         0.000587134,            0.0353516
         0.000531987,             0.035354
         0.000484264,            0.0353564
         0.000442692,            0.0353589
         0.000406259,            0.0353613
         0.000374152,            0.0353638
         0.000345713,            0.0353662
         0.000320405,            0.0353687
         0.000297784,            0.0353711
         0.000259196,             0.035376
         0.000227672,            0.0353809
         0.000201587,            0.0353857
         0.000179758,            0.0353906
         0.000161307,            0.0353955
          0.00014557,            0.0354004
         0.000132041,            0.0354053
         0.000120324,            0.0354102
         0.000110109,             0.035415
          0.00010115,            0.0354199
         9.32489e-05,            0.0354248
         8.62451e-05,            0.0354297
         8.00076e-05,            0.0354346
         7.44284e-05,            0.0354395
         6.49011e-05,            0.0354492
          5.7107e-05,             0.035459
         5.06491e-05,            0.0354687
         4.52379e-05,            0.0354785
         4.06585e-05,            0.0354883
         3.67484e-05,             0.035498
         3.33829e-05,            0.0355078
          3.0465e-05,            0.0355176
         2.79187e-05,            0.0355273
         2.56831e-05,            0.0355371
         2.37096e-05,            0.0355469
         2.19586e-05,            0.0355566
         2.03977e-05,            0.0355664
         1.77444e-05,            0.0355859
         1.55852e-05,            0.0356055
         1.38044e-05,             0.035625
          1.2318e-05,            0.0356445
         1.10643e-05,            0.0356641
         9.99687e-06,            0.0356836
         9.08044e-06,            0.0357031
         8.28765e-06,            0.0357227
          7.5971e-06,            0.0357422
         6.99183e-06,            0.0357617
         6.45828e-06,            0.0357813
         5.98547e-06,            0.0358008
         5.56446e-06,            0.0358203
         4.84969e-06,            0.0358594
         4.26887e-06,            0.0358984
         3.79027e-06,            0.0359375
         3.39107e-06,            0.0359766
         3.05449e-06,            0.0360156
         2.76797e-06,            0.0360547
         2.52197e-06,            0.0360937
         2.30913e-06,            0.0361328
         2.12367e-06,            0.0361719
         1.96104e-06,            0.0362109
         1.81761e-06,              0.03625
         1.69044e-06,            0.0362891
         1.57712e-06,            0.0363281
         1.38452e-06,            0.0364063
         1.22775e-06,            0.0364844
         1.09835e-06,            0.0365625
         9.90205e-07,            0.0366406
         8.98849e-07,            0.0367187
         8.20926e-07,            0.0367969
         7.53888e-07,             0.036875
         6.95767e-07,            0.0369531
         6.45024e-07,            0.0370313
          6.0044e-07,            0.0371094
         5.61042e-07,            0.0371875
         5.26042e-07,            0.0372656
         4.94798e-07,            0.0373437
         4.41557e-07,               0.0375
         3.98079e-07,            0.0376563
         3.62082e-07,            0.0378125
         3.31922e-07,            0.0379687
         3.06389e-07,             0.038125
         2.84573e-07,            0.0382813
         2.65782e-07,            0.0384375
          2.4948e-07,            0.0385937
         2.35246e-07,              0.03875
         2.11718e-07,            0.0390625
         1.93235e-07,             0.039375
          1.7849e-07,            0.0396875
         1.66585e-07,                 0.04
         1.56887e-07,            0.0403125
         1.48934e-07,             0.040625
          1.4239e-07,            0.0409375
         1.36998e-07,              0.04125
         1.32566e-07,            0.0415625
         1.28942e-07,             0.041875
         1.23676e-07,               0.0425
         1.20527e-07,             0.043125
         1.19068e-07,              0.04375
         1.19023e-07,             0.044375
         1.20219e-07,                0.045
         1.22551e-07,             0.045625
         1.25965e-07,              0.04625
         1.30447e-07,             0.046875
         1.36014e-07,               0.0475
         1.50614e-07,              0.04875
         1.59817e-07,             0.049375
         1.70447e-07,                 0.05
         1.82657e-07,             0.050625
         1.96635e-07,              0.05125
         2.12602e-07,             0.051875
         2.30823e-07,               0.0525
         2.51608e-07,             0.053125
         2.75328e-07,              0.05375
         3.02416e-07,             0.054375
         3.33387e-07,                0.055
         3.68848e-07,             0.055625
          4.0952e-07,              0.05625
         4.56256e-07,             0.056875
         5.10075e-07,               0.0575
         5.72191e-07,             0.058125
         6.44055e-07,              0.05875
         7.27412e-07,             0.059375
         8.24362e-07,                 0.06
         9.37439e-07,             0.060625
         1.06972e-06,              0.06125
         1.22494e-06,             0.061875
         1.40767e-06,               0.0625
         1.62352e-06,             0.063125
         1.87938e-06,              0.06375
         2.18379e-06,             0.064375
         2.54734e-06,                0.065
         2.98327e-06,             0.065625
         3.50819e-06,              0.06625
         4.14306e-06,             0.066875
         4.91446e-06,               0.0675
         5.85633e-06,             0.068125
         6.40435e-06,            0.0684375
         7.01223e-06,              0.06875
         7.68746e-06,            0.0690625
         8.43853e-06,             0.069375
          9.2752e-06,            0.0696875
         1.02086e-05,                 0.07
         1.12516e-05,            0.0703125
         1.24188e-05,             0.070625
         1.37272e-05,            0.0709375
         1.51964e-05,              0.07125
         1.68491e-05,            0.0715625
         1.87116e-05,             0.071875
         2.08144e-05,            0.0721875
         2.31933e-05,               0.0725
           2.589e-05,            0.0728125
         2.89535e-05,             0.073125
         3.24412e-05,            0.0734375
         3.64211e-05,              0.07375
         4.09735e-05,            0.0740625
         4.61939e-05,             0.074375
         5.21958e-05,            0.0746875
         5.91154e-05,                0.075
         6.71159e-05,            0.0753125
          7.6394e-05,             0.075625
         8.71881e-05,            0.0759375
          9.9788e-05,              0.07625
         0.000114548,            0.0765625
         0.000131903,             0.076875
         0.000152392,            0.0771875
          0.00017668,               0.0775
         0.000205605,            0.0778125
         0.000240216,             0.078125
         0.000281844,            0.0784375
         0.000332191,              0.07875
         0.000393446,            0.0790625
         0.000468453,             0.079375
         0.000512238,            0.0795312
         0.000560945,            0.0796875
         0.000615235,            0.0798437
         0.000675869,                 0.08
         0.000743733,            0.0801563
         0.000819859,            0.0803125
         0.000905452,            0.0804688
          0.00100193,             0.080625
          0.00111094,            0.0807812
          0.00123447,            0.0809375
          0.00137485,            0.0810937
          0.00153485,              0.08125
          0.00171781,            0.0814063
          0.00192772,            0.0815625
          0.00216942,            0.0817188
          0.00244881,             0.081875
          0.00277305,            0.0820312
          0.00315097,            0.0821875
          0.00359351,            0.0823437
          0.00411424,               0.0825
          0.00473019,            0.0826563
          0.00546284,            0.0828125
          0.00633951,            0.0829688
          0.00739517,             0.083125
          0.00867491,            0.0832813
           0.0102374,            0.0834375
           0.0111477,            0.0835156
           0.0121592,            0.0835937
           0.0132853,            0.0836719
           0.0145414,              0.08375
           0.0159453,            0.0838281
           0.0175172,            0.0839063
           0.0192808,            0.0839844
           0.0212629,            0.0840625
           0.0234942,            0.0841406
           0.0260099,            0.0842188
           0.0288498,            0.0842969
           0.0320583,             0.084375
           0.0356849,            0.0844531
           0.0397833,            0.0845313
             0.04441,            0.0846094
           0.0496224,            0.0846875
           0.0554744,            0.0847656
           0.0620103,            0.0848437
            0.069256,            0.0849219
           0.0772064,                0.085
           0.0949521,            0.0851563
             0.11398,            0.0853125
            0.123206,            0.0853906
            0.131679,            0.0854688
            0.138939,            0.0855469
            0.144574,             0.085625
            0.148277,            0.0857031
            0.149905,            0.0857813
            0.149494,            0.0858594
             0.14724,            0.0859375
            0.143453,            0.0860156
            0.138499,            0.0860937
            0.126533,              0.08625
            0.113746,            0.0864063
             0.10161,            0.0865625
           0.0907955,            0.0867188
           0.0814823,             0.086875
           0.0736025,            0.0870313
           0.0669908,            0.0871875
           0.0614604,            0.0873437
           0.0568357,               0.0875
           0.0529646,            0.0876563
           0.0497206,            0.0878125
               0.047,            0.0879688
           0.0447192,             0.088125
           0.0428106,            0.0882813
             0.04122,            0.0884375
           0.0388268,              0.08875
           0.0372836,            0.0890625
           0.0364261,             0.089375
           0.0361515,            0.0896875
           0.0364008,                 0.09
           0.0371474,            0.0903125
           0.0383911,             0.090625
           0.0401554,            0.0909375
           0.0424864,              0.09125
           0.0454534,            0.0915625
            0.049151,             0.091875
           0.0537018,            0.0921875
           0.0592578,               0.0925
           0.0660005,            0.0928125
           0.0741345,             0.093125
           0.0838689,            0.0934375
           0.0953748,              0.09375
            0.108706,            0.0940625
            0.123666,             0.094375
            0.139632,            0.0946875
             0.15538,                0.095
            0.169078,            0.0953125
            0.178613,             0.095625
            0.182289,            0.0959375
            0.179566,              0.09625
             0.17129,            0.0965625
            0.159241,             0.096875
            0.145385,            0.0971875
            0.131312,               0.0975
            0.118045,            0.0978125
            0.106105,             0.098125
           0.0956666,            0.0984375
           0.0867041,              0.09875
            0.079095,            0.0990625
           0.0726815,             0.099375
           0.0673041,            0.0996875
           0.0628172,                  0.1
           0.0590947,             0.100312
           0.0560313,             0.100625
            0.053541,             0.100938
           0.0515551,              0.10125
             0.05002,             0.101562
           0.0488957,             0.101875
            0.047776,               0.1025
           0.0480934,             0.103125
           0.0488033,             0.103438
           0.0499084,              0.10375
           0.0514452,             0.104063
           0.0534649,             0.104375
           0.0560369,             0.104688
           0.0592532,                0.105
           0.0632342,             0.105313
           0.0681363,             0.105625
           0.0741617,             0.105938
           0.0815687,              0.10625
           0.0906826,             0.106563
            0.101898,             0.106875
            0.115665,             0.107188
            0.132412,               0.1075
            0.152371,             0.107813
            0.175174,             0.108125
            0.199181,             0.108438
             0.21058,             0.108594
            0.220724,              0.10875
            0.228841,             0.108906
            0.234155,             0.109063
            0.236011,             0.109219
            0.234023,             0.109375
            0.228173,             0.109531
             0.21883,             0.109687
            0.206681,             0.109844
             0.19259,                 0.11
            0.177441,             0.110156
             0.16202,             0.110313
            0.132639,             0.110625
            0.119368,             0.110781
            0.107256,             0.110937
           0.0963309,             0.111094
           0.0865569,              0.11125
           0.0778606,             0.111406
           0.0701495,             0.111563
           0.0633245,             0.111719
           0.0572878,             0.111875
           0.0519469,             0.112031
           0.0472175,             0.112187
           0.0430237,             0.112344
           0.0392985,               0.1125
            0.035983,             0.112656
           0.0330259,             0.112813
           0.0303826,             0.112969
           0.0280143,             0.113125
           0.0239733,             0.113437
           0.0206849,              0.11375
            0.017985,             0.114063
           0.0157493,             0.114375
            0.013883,             0.114687
           0.0123134,                0.115
           0.0109838,             0.115313
          0.00985011,             0.115625
          0.00887752,             0.115937
          0.00803832,              0.11625
          0.00731033,             0.116563
          0.00667564,             0.116875
           0.0061197,             0.117188
          0.00563061,               0.1175
          0.00519857,             0.117813
          0.00481547,             0.118125
          0.00447454,             0.118438
          0.00417013,              0.11875
           0.0036525,             0.119375
          0.00323255,                 0.12
          0.00288843,             0.120625
          0.00260398,              0.12125
           0.0023671,             0.121875
          0.00216861,               0.1225
          0.00200143,             0.123125
          0.00186009,              0.12375
          0.00174029,             0.124375
          0.00163864,                0.125
          0.00155247,             0.125625
          0.00147964,              0.12625
          0.00136752,               0.1275
          0.00129248,              0.12875
          0.00124865,                 0.13
          0.00123308,              0.13125
          0.00124534,               0.1325
          0.00128764,              0.13375
          0.00132157,             0.134375
          0.00136535,                0.135
           0.0014204,             0.135625
          0.00148857,              0.13625
          0.00157235,             0.136875
            0.001675,               0.1375
          0.00180095,             0.138125
          0.00195617,              0.13875
          0.00214896,             0.139375
          0.00239099,                 0.14
           0.0025355,             0.140313
          0.00269921,             0.140625
          0.00288558,             0.140937
          0.00309884,              0.14125
          0.00334433,             0.141563
           0.0036288,             0.141875
          0.00396089,             0.142188
          0.00435179,               0.1425
          0.00481626,             0.142813
          0.00537403,             0.143125
          0.00605201,             0.143437
           0.0068876,              0.14375
          0.00738031,             0.143906
          0.00793404,             0.144063
          0.00855938,             0.144219
          0.00926927,             0.144375
           0.0100798,             0.144531
           0.0110109,             0.144688
           0.0120879,             0.144844
            0.013343,                0.145
           0.0148178,             0.145156
           0.0165668,             0.145313
           0.0186621,             0.145469
           0.0212012,             0.145625
            0.024318,             0.145781
           0.0261487,             0.145859
           0.0281997,             0.145937
            0.030507,             0.146016
           0.0331146,             0.146094
           0.0360758,             0.146172
           0.0394561,              0.14625
           0.0433361,             0.146328
           0.0478164,             0.146406
           0.0530227,             0.146484
           0.0591135,             0.146563
           0.0662903,             0.146641
            0.074811,             0.146719
           0.0850068,             0.146797
           0.0973053,             0.146875
            0.112257,             0.146953
            0.130569,             0.147031
            0.153127,             0.147109
            0.180999,             0.147188
            0.215358,             0.147266
            0.257225,             0.147344
            0.306834,             0.147422
            0.362409,               0.1475
            0.390902,             0.147539
            0.418441,             0.147578
            0.443573,             0.147617
            0.464649,             0.147656
            0.480022,             0.147695
            0.488318,             0.147734
            0.488719,             0.147773
             0.48114,             0.147813
             0.46626,             0.147852
            0.445367,             0.147891
            0.420092,              0.14793
            0.392129,             0.147969
            0.333952,             0.148047
            0.279359,             0.148125
            0.232168,             0.148203
            0.193096,             0.148281
            0.161402,             0.148359
            0.135877,             0.148438
            0.115316,             0.148516
           0.0986778,             0.148594
           0.0851244,             0.148672
           0.0739981,              0.14875
           0.0647899,             0.148828
           0.0571072,             0.148906
           0.0506468,             0.148984
           0.0451734,             0.149062
           0.0405033,             0.149141
           0.0364918,             0.149219
           0.0330246,             0.149297
           0.0300103,             0.149375
           0.0273753,             0.149453
           0.0250602,             0.149531
           0.0230164,             0.149609
           0.0212041,             0.149687
           0.0195903,             0.149766
           0.0181477,             0.149844
           0.0156879,                 0.15
           0.0136815,             0.150156
           0.0120252,             0.150313
           0.0106433,             0.150469
          0.00947922,             0.150625
           0.0084902,             0.150781
          0.00764331,             0.150938
          0.00691296,             0.151094
          0.00627902,              0.15125
           0.0057255,             0.151406
          0.00523955,             0.151562
          0.00481077,             0.151719
          0.00443068,             0.151875
          0.00409229,             0.152031
          0.00378981,             0.152187
          0.00327408,               0.1525
          0.00285337,             0.152813
          0.00250606,             0.153125
          0.00221627,             0.153438
          0.00197219,              0.15375
          0.00176484,             0.154062
          0.00158735,             0.154375
          0.00143436,             0.154687
          0.00130163,                0.155
          0.00118583,             0.155313
          0.00108424,             0.155625
          0.00099468,             0.155938
         0.000915369,              0.15625
         0.000844835,             0.156562
         0.000781859,             0.156875
         0.000674678,               0.1575
         0.000587476,             0.158125
         0.000515689,              0.15875
          0.00045597,             0.159375
         0.000405823,                 0.16
         0.000363358,             0.160625
         0.000327123,              0.16125
         0.000295988,             0.161875
         0.000269067,               0.1625
         0.000245653,             0.163125
          0.00022518,              0.16375
          0.00020719,             0.164375
         0.000191311,                0.165
         0.000177234,             0.165625
         0.000164707,              0.16625
         0.000143488,               0.1675
         0.000126336,              0.16875
         0.000112311,                 0.17
         0.000100723,              0.17125
         9.10621e-05,               0.1725
         8.29437e-05,              0.17375
         7.60736e-05,                0.175
         7.02244e-05,              0.17625
         6.52179e-05,               0.1775
         6.09136e-05,              0.17875
         5.71994e-05,                 0.18
         5.39851e-05,              0.18125
         5.11976e-05,               0.1825
         4.66757e-05,                0.185
         4.32735e-05,               0.1875
         4.07447e-05,                 0.19
         3.89191e-05,               0.1925
         3.76787e-05,                0.195
         3.69432e-05,               0.1975
           3.666e-05,                  0.2
         3.67982e-05,               0.2025
          3.7345e-05,                0.205
         3.83034e-05,               0.2075
         3.96914e-05,                 0.21
         4.15424e-05,               0.2125
         4.39062e-05,                0.215
         4.68519e-05,               0.2175
         5.04709e-05,                 0.22
         5.48824e-05,               0.2225
         6.02404e-05,                0.225
         6.67436e-05,               0.2275
         7.46488e-05,                 0.23
          8.4289e-05,               0.2325
         9.60994e-05,                0.235
         0.000110653,               0.2375
         0.000128709,                 0.24
         0.000139358,              0.24125
          0.00015129,               0.2425
         0.000164692,              0.24375
         0.000179781,                0.245
         0.000196813,              0.24625
         0.000216088,               0.2475
         0.000237965,              0.24875
         0.000262867,                 0.25
         0.000291303,              0.25125
         0.000323879,               0.2525
         0.000361331,              0.25375
         0.000404544,                0.255
           0.0004546,              0.25625
         0.000512819,               0.2575
         0.000580831,              0.25875
         0.000660649,                 0.26
         0.000754789,              0.26125
         0.000866408,               0.2625
         0.000999502,              0.26375
          0.00115917,                0.265
          0.00135199,              0.26625
          0.00158649,               0.2675
          0.00187391,              0.26875
          0.00204196,             0.269375
           0.0022292,                 0.27
          0.00243832,             0.270625
          0.00267248,              0.27125
          0.00293534,             0.271875
          0.00323126,               0.2725
          0.00356537,             0.273125
          0.00394376,              0.27375
          0.00437373,             0.274375
            0.004864,                0.275
          0.00542513,             0.275625
          0.00606989,              0.27625
          0.00681392,             0.276875
           0.0076764,               0.2775
          0.00868108,             0.278125
          0.00985759,              0.27875
           0.0112432,             0.279375
           0.0128851,                 0.28
           0.0148438,             0.280625
           0.0171975,              0.28125
           0.0200485,             0.281875
           0.0235324,               0.2825
           0.0255661,             0.282813
           0.0278307,             0.283125
           0.0303592,             0.283438
           0.0331903,              0.28375
           0.0363699,             0.284063
           0.0399521,             0.284375
           0.0440011,             0.284688
           0.0485938,                0.285
           0.0538222,             0.285313
           0.0597968,             0.285625
           0.0666516,             0.285938
           0.0745487,              0.28625
           0.0836857,             0.286562
           0.0943037,             0.286875
            0.106698,             0.287188
             0.12123,               0.2875
             0.13834,             0.287813
            0.158568,             0.288125
            0.182562,             0.288438
             0.21109,              0.28875
            0.245036,             0.289063
            0.285364,             0.289375
            0.333023,             0.289688
            0.388745,                 0.29
            0.452688,             0.290313
            0.523877,             0.290625
            0.599498,             0.290938
            0.674286,              0.29125
            0.740577,             0.291563
            0.789626,             0.291875
             0.81423,             0.292187
            0.811458,               0.2925
            0.783712,             0.292812
            0.737394,             0.293125
            0.680277,             0.293437
            0.619245,              0.29375
            0.559227,             0.294062
            0.503159,             0.294375
            0.452433,             0.294687
            0.407434,                0.295
            0.367971,             0.295312
            0.333573,             0.295625
            0.303665,             0.295938
            0.277663,              0.29625
            0.255026,             0.296563
            0.235271,             0.296875
            0.217978,             0.297187
            0.202791,               0.2975
            0.189407,             0.297812
            0.177571,             0.298125
            0.157713,              0.29875
            0.141871,             0.299375
            0.129083,                  0.3
            0.118654,             0.300625
            0.110073,              0.30125
            0.102964,             0.301875
           0.0970411,               0.3025
           0.0920891,             0.303125
            0.087941,              0.30375
           0.0844672,             0.304375
            0.081566,                0.305
           0.0771763,              0.30625
           0.0743051,               0.3075
           0.0726538,              0.30875
           0.0720331,                 0.31
           0.0723282,              0.31125
           0.0734784,               0.3125
           0.0754655,              0.31375
           0.0783072,                0.315
           0.0820541,              0.31625
           0.0867898,               0.3175
           0.0926328,              0.31875
           0.0997406,                 0.32
            0.108316,              0.32125
            0.118614,               0.3225
            0.130951,              0.32375
            0.145715,                0.325
            0.163377,              0.32625
            0.184492,               0.3275
            0.209695,              0.32875
            0.239682,                 0.33
            0.275141,              0.33125
            0.316634,               0.3325
            0.364387,              0.33375
            0.417976,                0.335
            0.475937,              0.33625
            0.535426,               0.3375
            0.592167,              0.33875
             0.64098,                 0.34
            0.676961,              0.34125
            0.696915,               0.3425
             0.70032,              0.34375
            0.689254,                0.345
             0.66744,              0.34625
            0.639027,               0.3475
            0.607675,              0.34875
            0.576141,                 0.35
            0.519071,               0.3525
            0.474574,                0.355
            0.443462,               0.3575
            0.424558,                 0.36
            0.416422,               0.3625
            0.417897,                0.365
            0.428167,               0.3675
            0.446619,                 0.37
             0.47259,               0.3725
            0.505001,                0.375
            0.541925,               0.3775
            0.580194,                 0.38
            0.615342,               0.3825
            0.642236,                0.385
            0.656481,               0.3875
            0.656056,                 0.39
            0.642109,               0.3925
            0.618359,                0.395
            0.589573,               0.3975
            0.560154,                  0.4
            0.533397,               0.4025
             0.51143,                0.405
            0.495472,               0.4075
            0.486178,                 0.41
            0.483913,               0.4125
            0.488911,                0.415
            0.501316,               0.4175
            0.521067,                 0.42
            0.547589,               0.4225
            0.579195,                0.425
            0.612205,               0.4275
            0.640078,                 0.43
            0.653559,               0.4325
            0.643269,                0.435
            0.604718,               0.4375
            0.542093,                 0.44
            0.466503,               0.4425
            0.389977,                0.445
            0.320738,               0.4475
            0.290104,              0.44875
            0.262316,                 0.45
            0.237323,              0.45125
            0.214978,               0.4525
            0.195084,              0.45375
            0.177419,                0.455
            0.161756,              0.45625
            0.147875,               0.4575
            0.135573,              0.45875
            0.124662,                 0.46
            0.114975,              0.46125
            0.106363,               0.4625
           0.0918576,                0.465
           0.0802837,               0.4675
           0.0709871,                 0.47
           0.0634737,               0.4725
           0.0573695,                0.475
           0.0523912,               0.4775
           0.0483228,                 0.48
           0.0449992,               0.4825
           0.0422935,                0.485
           0.0401085,               0.4875
           0.0383695,                 0.49
           0.0370199,               0.4925
           0.0360173,                0.495
           0.0353315,               0.4975
           0.0349421,                  0.5

