------------------------------------------------------------
 Transmission Coefficient on refined energy grid using transfer matrices
------------------------------------------------------------
Transmission Coefficient, Energy (eV)
         4.26106e-08,                0.005
         5.67601e-08,              0.00625
         7.26118e-08,               0.0075
         9.03453e-08,              0.00875
         1.10159e-07,                 0.01
         1.32274e-07,              0.01125
         1.56932e-07,               0.0125
         1.84402e-07,              0.01375
         2.14981e-07,                0.015
            2.49e-07,              0.01625
         2.86823e-07,               0.0175
         3.28854e-07,              0.01875
         3.75543e-07,                 0.02
         4.27388e-07,              0.02125
          4.8494e-07,               0.0225
         5.48814e-07,              0.02375
         6.19691e-07,                0.025
         6.98332e-07,              0.02625
         7.85579e-07,               0.0275
         8.82374e-07,              0.02875
         9.89763e-07,                 0.03
         1.10892e-06,              0.03125
         1.24114e-06,               0.0325
         1.38788e-06,              0.03375
         1.55077e-06,                0.035
         1.73164e-06,              0.03625
         1.93251e-06,               0.0375
         2.15568e-06,              0.03875
         2.40371e-06,                 0.04
         2.67947e-06,              0.04125
         2.98619e-06,               0.0425
         3.32752e-06,              0.04375
         3.70754e-06,                0.045
         4.13088e-06,              0.04625
         4.60274e-06,               0.0475
         5.12901e-06,              0.04875
         5.71635e-06,                 0.05
          6.3723e-06,              0.05125
         7.10543e-06,               0.0525
         7.92544e-06,              0.05375
         8.84339e-06,                0.055
         9.87187e-06,              0.05625
         1.10252e-05,               0.0575
         1.23199e-05,              0.05875
         1.37745e-05,                 0.06
         1.54107e-05,              0.06125
         1.72532e-05,               0.0625
         1.93303e-05,              0.06375
         2.16748e-05,                0.065
         2.43244e-05,              0.06625
         2.73229e-05,               0.0675
          3.0721e-05,              0.06875
         3.45775e-05,                 0.07
         3.89611e-05,              0.07125
         4.39517e-05,               0.0725
         4.96432e-05,              0.07375
         5.61456e-05,                0.075
         6.35881e-05,              0.07625
         7.21236e-05,               0.0775
         8.19329e-05,              0.07875
         9.32305e-05,                 0.08
         0.000106272,              0.08125
         0.000121364,               0.0825
         0.000138872,              0.08375
         0.000159239,                0.085
         0.000183001,              0.08625
         0.000210805,               0.0875
         0.000243447,              0.08875
           0.0002819,                 0.09
         0.000327363,              0.09125
         0.000381327,               0.0925
         0.000445648,              0.09375
          0.00052266,                0.095
         0.000615313,              0.09625
         0.000727367,               0.0975
         0.000863649,              0.09875
          0.00103041,                  0.1
          0.00112769,             0.100625
          0.00123584,              0.10125
          0.00135631,             0.101875
          0.00149075,               0.1025
           0.0016411,             0.103125
          0.00180959,              0.10375
          0.00199885,             0.104375
          0.00221194,                0.105
          0.00245245,             0.105625
          0.00272464,              0.10625
          0.00303354,             0.106875
          0.00338513,               0.1075
          0.00378659,             0.108125
          0.00424651,              0.10875
          0.00477528,             0.109375
          0.00538553,                 0.11
          0.00609266,             0.110625
          0.00691564,              0.11125
          0.00787792,             0.111875
          0.00900876,               0.1125
           0.0103449,             0.113125
           0.0119331,              0.11375
           0.0138327,             0.114375
           0.0161209,                0.115
           0.0188982,             0.115625
           0.0222974,              0.11625
           0.0242834,             0.116563
           0.0264959,             0.116875
            0.028967,             0.117188
           0.0317345,               0.1175
           0.0348427,             0.117813
           0.0383442,             0.118125
            0.042301,             0.118438
           0.0467874,              0.11875
           0.0518919,             0.119063
            0.057721,             0.119375
           0.0644034,             0.119688
           0.0720946,                 0.12
           0.0809842,             0.120313
           0.0913038,             0.120625
            0.103337,             0.120938
            0.117433,              0.12125
            0.134021,             0.121562
            0.153628,             0.121875
            0.176904,             0.122188
            0.204635,               0.1225
            0.237768,             0.122812
             0.27741,             0.123125
            0.324799,             0.123438
            0.381208,              0.12375
            0.447729,             0.124062
            0.524861,             0.124375
            0.611848,             0.124688
            0.705767,                0.125
             0.80066,             0.125312
            0.887343,             0.125625
            0.954766,             0.125937
            0.993164,              0.12625
            0.997717,             0.126563
            0.970357,             0.126875
            0.918478,             0.127188
            0.851684,               0.1275
            0.778774,             0.127812
            0.706205,             0.128125
            0.637916,             0.128437
            0.575854,              0.12875
            0.520642,             0.129063
             0.47214,             0.129375
             0.42982,             0.129688
            0.393008,                 0.13
            0.361003,             0.130312
            0.333149,             0.130625
            0.308858,             0.130937
            0.287617,              0.13125
             0.26899,             0.131563
            0.252604,             0.131875
            0.225352,               0.1325
            0.203897,             0.133125
            0.186843,              0.13375
            0.173189,             0.134375
            0.162206,                0.135
            0.153363,             0.135625
            0.146264,              0.13625
            0.140614,             0.136875
            0.136192,               0.1375
            0.132832,             0.138125
            0.130408,              0.13875
            0.128034,                 0.14
            0.128636,              0.14125
            0.132098,               0.1425
            0.138574,              0.14375
            0.148496,                0.145
            0.154977,             0.145625
            0.162643,              0.14625
            0.171668,             0.146875
            0.182264,               0.1475
            0.194699,             0.148125
            0.209306,              0.14875
            0.226499,             0.149375
            0.246792,                 0.15
            0.270826,             0.150625
            0.299393,              0.15125
            0.333457,             0.151875
            0.374174,               0.1525
             0.42286,             0.153125
            0.480897,              0.15375
            0.549455,             0.154375
            0.628928,                0.155
             0.71788,             0.155625
            0.811482,              0.15625
            0.899873,             0.156875
            0.937553,             0.157187
            0.968016,               0.1575
            0.989167,             0.157813
            0.999285,             0.158125
            0.997309,             0.158438
            0.983031,              0.15875
            0.957158,             0.159062
            0.921202,             0.159375
            0.877243,             0.159687
            0.827621,                 0.16
            0.720404,             0.160625
            0.614433,              0.16125
            0.518439,             0.161875
            0.435844,               0.1625
            0.366808,             0.163125
             0.30995,              0.16375
            0.263397,             0.164375
            0.225296,                0.165
             0.19402,             0.165625
            0.168223,              0.16625
            0.146819,             0.166875
            0.128947,               0.1675
            0.113926,             0.168125
            0.101219,              0.16875
           0.0904015,             0.169375
           0.0811364,                 0.17
           0.0731549,             0.170625
           0.0662413,              0.17125
           0.0602216,             0.171875
           0.0549543,               0.1725
           0.0503241,             0.173125
            0.046236,              0.17375
           0.0426118,             0.174375
           0.0393862,                0.175
           0.0365049,             0.175625
           0.0339222,              0.17625
           0.0295044,               0.1775
           0.0258888,              0.17875
           0.0228973,                 0.18
           0.0203979,              0.18125
           0.0182909,               0.1825
           0.0165002,              0.18375
           0.0149671,                0.185
           0.0136456,              0.18625
           0.0124994,               0.1875
           0.0114996,              0.18875
           0.0106227,                 0.19
          0.00985003,              0.19125
            0.009166,               0.1925
          0.00855792,              0.19375
          0.00801522,                0.195
           0.0070922,               0.1975
          0.00634202,                  0.2
          0.00572524,               0.2025
          0.00521301,                0.205
          0.00478383,               0.2075
          0.00442147,                 0.21
          0.00411349,               0.2125
          0.00385023,                0.215
          0.00362413,               0.2175
          0.00342917,                 0.22
          0.00326056,               0.2225
          0.00311442,                0.225
          0.00287753,                 0.23
          0.00269951,                0.235
          0.00256736,                 0.24
           0.0024721,                0.245
          0.00240739,                 0.25
          0.00236884,                0.255
           0.0023534,                 0.26
          0.00235907,                0.265
          0.00238468,                 0.27
           0.0024297,                0.275
          0.00249421,                 0.28
           0.0025788,                0.285
           0.0026846,                 0.29
          0.00281324,                0.295
          0.00296696,                  0.3
          0.00314861,                0.305
          0.00336178,                 0.31
          0.00361091,                0.315
          0.00390147,                 0.32
           0.0042402,                0.325
          0.00463533,                 0.33
          0.00509704,                0.335
          0.00563786,                 0.34
          0.00627334,                0.345
          0.00702287,                 0.35
          0.00791074,                0.355
          0.00896761,                 0.36
           0.0102324,                0.365
           0.0117551,                 0.37
           0.0136002,                0.375
           0.0158514,                 0.38
           0.0186194,                0.385
           0.0202413,               0.3875
           0.0220509,                 0.39
           0.0240746,               0.3925
           0.0263429,                0.395
           0.0288918,               0.3975
           0.0317632,                  0.4
           0.0350063,               0.4025
           0.0386793,                0.405
            0.042851,               0.4075
           0.0476026,                 0.41
           0.0530312,               0.4125
            0.059252,                0.415
            0.066403,               0.4175
           0.0746491,                 0.42
           0.0841882,               0.4225
           0.0952574,                0.425
            0.108141,               0.4275
             0.12318,                 0.43
            0.140779,               0.4325
            0.161419,                0.435
             0.18566,               0.4375
            0.214149,                 0.44
            0.247606,               0.4425
            0.286803,                0.445
            0.332505,               0.4475
            0.385367,                 0.45
            0.445769,               0.4525
            0.513575,                0.455
            0.587834,               0.4575
            0.666475,                 0.46
            0.746121,               0.4625
            0.822208,                0.465
            0.889526,               0.4675
            0.943181,                 0.47
            0.979679,               0.4725
            0.997694,                0.475
            0.998197,               0.4775
            0.983935,                 0.48
            0.958586,               0.4825
            0.925933,                0.485
            0.889315,               0.4875
            0.851359,                 0.49
            0.778365,                0.495
            0.715247,                  0.5
            0.664388,                0.505
            0.625494,                 0.51
            0.597373,                0.515
             0.57873,                 0.52
            0.568456,                0.525
             0.56571,                 0.53
             0.56991,                0.535
            0.580687,                 0.54
            0.597835,                0.545
            0.621244,                 0.55
            0.650815,                0.555
            0.686352,                 0.56
            0.727413,                0.565
            0.773123,                 0.57
             0.82195,                0.575
            0.871491,                 0.58
            0.918362,                0.585
            0.958324,                 0.59
            0.986767,                0.595
            0.999577,                  0.6

