------------------------------------------------------------
 Transmission Coefficient on refined energy grid using transfer matrices
------------------------------------------------------------
Transmission Coefficient, Energy (eV)
         4.33001e-15,                0.005
         5.34326e-15,             0.005625
         6.51496e-15,              0.00625
         7.86752e-15,             0.006875
         9.42647e-15,               0.0075
         1.12208e-14,             0.008125
         1.32837e-14,              0.00875
         1.56527e-14,             0.009375
         1.83708e-14,                 0.01
         2.14867e-14,             0.010625
         2.50562e-14,              0.01125
         2.91427e-14,             0.011875
         3.38185e-14,               0.0125
         3.91662e-14,             0.013125
         4.52799e-14,              0.01375
         5.22672e-14,             0.014375
         6.02506e-14,                0.015
         6.93705e-14,             0.015625
          7.9787e-14,              0.01625
         9.16835e-14,             0.016875
          1.0527e-13,               0.0175
         1.20785e-13,             0.018125
         1.38506e-13,              0.01875
         1.58746e-13,             0.019375
         1.81867e-13,                 0.02
         2.08284e-13,             0.020625
         2.38473e-13,              0.02125
         2.72981e-13,             0.021875
         3.12438e-13,               0.0225
         3.57568e-13,             0.023125
         4.09206e-13,              0.02375
         4.68313e-13,             0.024375
            5.36e-13,                0.025
         6.13547e-13,             0.025625
         7.02436e-13,              0.02625
         8.04381e-13,             0.026875
         9.21366e-13,               0.0275
         1.05569e-12,             0.028125
         1.21003e-12,              0.02875
         1.38748e-12,             0.029375
         1.59165e-12,                 0.03
         1.82674e-12,             0.030625
         2.09766e-12,              0.03125
         2.41011e-12,             0.031875
         2.77079e-12,               0.0325
         3.18752e-12,             0.033125
         3.66946e-12,              0.03375
         4.22739e-12,             0.034375
         4.87396e-12,                0.035
         5.62407e-12,             0.035625
         6.49531e-12,              0.03625
         7.50844e-12,             0.036875
         8.68804e-12,               0.0375
         1.00633e-11,             0.038125
         1.16687e-11,              0.03875
         1.35457e-11,             0.039375
         1.57433e-11,                 0.04
         1.83204e-11,             0.040625
         2.13474e-11,              0.04125
         2.49088e-11,             0.041875
         2.91068e-11,               0.0425
         3.40641e-11,             0.043125
         3.99297e-11,              0.04375
         4.68845e-11,             0.044375
         5.51485e-11,                0.045
         6.49906e-11,             0.045625
         7.67404e-11,              0.04625
         9.08032e-11,             0.046875
         1.07679e-10,               0.0475
         1.27989e-10,             0.048125
         1.52504e-10,              0.04875
         1.82189e-10,             0.049375
         2.18255e-10,                 0.05
         2.62232e-10,             0.050625
         2.87774e-10,            0.0509375
          3.1606e-10,              0.05125
         3.47417e-10,            0.0515625
         3.82215e-10,             0.051875
         4.20875e-10,            0.0521875
         4.63875e-10,               0.0525
          5.1176e-10,            0.0528125
          5.6515e-10,             0.053125
         6.24755e-10,            0.0534375
         6.91388e-10,              0.05375
         7.65979e-10,            0.0540625
         8.49602e-10,             0.054375
         9.43491e-10,            0.0546875
         1.04907e-09,                0.055
         1.16799e-09,            0.0553125
         1.30218e-09,             0.055625
         1.45385e-09,            0.0559375
         1.62561e-09,              0.05625
          1.8205e-09,            0.0565625
         2.04211e-09,             0.056875
         2.29463e-09,            0.0571875
         2.58304e-09,               0.0575
         2.91324e-09,            0.0578125
         3.29225e-09,             0.058125
         3.72845e-09,            0.0584375
         4.23193e-09,              0.05875
          4.8148e-09,            0.0590625
         5.49179e-09,             0.059375
         6.28079e-09,            0.0596875
         7.20373e-09,                 0.06
         8.28761e-09,            0.0603125
         9.56589e-09,             0.060625
         1.10803e-08,            0.0609375
         1.28834e-08,              0.06125
         1.50416e-08,            0.0615625
         1.76398e-08,             0.061875
         2.07878e-08,            0.0621875
         2.46284e-08,               0.0625
         2.68651e-08,            0.0626562
         2.93499e-08,            0.0628125
         3.21165e-08,            0.0629687
         3.52038e-08,             0.063125
         3.86573e-08,            0.0632813
         4.25302e-08,            0.0634375
         4.68853e-08,            0.0635938
         5.17967e-08,              0.06375
         5.73523e-08,            0.0639062
          6.3657e-08,            0.0640625
         7.08367e-08,            0.0642187
         7.90431e-08,             0.064375
         8.84602e-08,            0.0645313
         9.93128e-08,            0.0646875
         1.11877e-07,            0.0648438
         1.26495e-07,                0.065
         1.43594e-07,            0.0651562
          1.6371e-07,            0.0653125
         1.87527e-07,            0.0654687
         2.15918e-07,             0.065625
         2.50019e-07,            0.0657813
         2.91316e-07,            0.0659375
         3.41783e-07,            0.0660938
         3.71251e-07,            0.0661719
         4.04073e-07,              0.06625
         4.40736e-07,            0.0663281
         4.81809e-07,            0.0664062
         5.27965e-07,            0.0664844
         5.80002e-07,            0.0665625
         6.38872e-07,            0.0666406
         7.05709e-07,            0.0667187
         7.81875e-07,            0.0667969
          8.6901e-07,             0.066875
         9.69096e-07,            0.0669531
         1.08453e-06,            0.0670313
         1.21824e-06,            0.0671094
         1.37376e-06,            0.0671875
          1.5554e-06,            0.0672656
         1.76838e-06,            0.0673438
         2.01898e-06,            0.0674219
         2.31465e-06,               0.0675
         2.66404e-06,            0.0675781
         3.07679e-06,            0.0676563
          3.5629e-06,            0.0677344
          4.1313e-06,            0.0678125
         4.78719e-06,            0.0678906
         5.52751e-06,            0.0679687
          6.3346e-06,            0.0680469
         7.16893e-06,             0.068125
         7.96467e-06,            0.0682031
         8.63408e-06,            0.0682813
         9.08581e-06,            0.0683594
         9.25409e-06,            0.0684375
         9.12369e-06,            0.0685156
         8.73433e-06,            0.0685938
         8.16188e-06,            0.0686719
         7.49039e-06,              0.06875
         6.79081e-06,            0.0688281
         6.11235e-06,            0.0689063
         5.48338e-06,            0.0689844
         4.91664e-06,            0.0690625
         4.41483e-06,            0.0691406
         3.97504e-06,            0.0692187
         3.59162e-06,            0.0692969
         3.25802e-06,             0.069375
         2.96772e-06,            0.0694531
         2.71468e-06,            0.0695313
         2.49357e-06,            0.0696094
         2.29974e-06,            0.0696875
         2.12924e-06,            0.0697656
         1.97873e-06,            0.0698438
         1.84537e-06,            0.0699219
         1.72678e-06,                 0.07
         1.52617e-06,            0.0701563
         1.36426e-06,            0.0703125
         1.23196e-06,            0.0704687
         1.12262e-06,             0.070625
         1.03135e-06,            0.0707813
         9.54489e-07,            0.0709375
          8.8924e-07,            0.0710938
         8.33468e-07,              0.07125
          7.8551e-07,            0.0714063
         7.44058e-07,            0.0715625
         6.76725e-07,             0.071875
         6.25369e-07,            0.0721875
         5.85954e-07,               0.0725
         5.55732e-07,            0.0728125
         5.32794e-07,             0.073125
         5.15789e-07,            0.0734375
         5.03754e-07,              0.07375
         4.96001e-07,            0.0740625
         4.92047e-07,             0.074375
         4.94331e-07,                0.075
         5.09314e-07,             0.075625
          5.3716e-07,              0.07625
         5.79349e-07,             0.076875
         6.06673e-07,            0.0771875
         6.38822e-07,               0.0775
         6.76468e-07,            0.0778125
         7.20463e-07,             0.078125
         7.71874e-07,            0.0784375
          8.3205e-07,              0.07875
         9.02699e-07,            0.0790625
         9.86005e-07,             0.079375
         1.08478e-06,            0.0796875
         1.20271e-06,                 0.08
         1.34462e-06,            0.0803125
         1.51701e-06,             0.080625
         1.72869e-06,            0.0809375
          1.8529e-06,            0.0810937
         1.99185e-06,              0.08125
         2.14785e-06,            0.0814063
         2.32369e-06,            0.0815625
         2.52272e-06,            0.0817188
           2.749e-06,             0.081875
          3.0075e-06,            0.0820312
          3.3043e-06,            0.0821875
         3.64692e-06,            0.0823437
         4.04472e-06,               0.0825
         4.50939e-06,            0.0826563
         5.05562e-06,            0.0828125
         5.70198e-06,            0.0829688
         6.47195e-06,             0.083125
         7.39528e-06,            0.0832813
         8.50945e-06,            0.0834375
         9.86103e-06,            0.0835937
         1.15064e-05,              0.08375
         1.35101e-05,            0.0839063
         1.59375e-05,            0.0840625
         1.88365e-05,            0.0842188
         2.21988e-05,             0.084375
         2.58938e-05,            0.0845313
          2.9587e-05,            0.0846875
         3.12607e-05,            0.0847656
         3.27027e-05,            0.0848437
         3.38227e-05,            0.0849219
         3.45425e-05,                0.085
         3.48082e-05,            0.0850781
         3.46002e-05,            0.0851563
         3.39371e-05,            0.0852344
         3.28719e-05,            0.0853125
         3.14818e-05,            0.0853906
          2.9856e-05,            0.0854688
         2.62436e-05,             0.085625
         2.26066e-05,            0.0857813
         1.92804e-05,            0.0859375
         1.63994e-05,            0.0860937
         1.39765e-05,              0.08625
         1.19682e-05,            0.0864063
         1.03122e-05,            0.0865625
         8.94642e-06,            0.0867188
         7.81614e-06,             0.086875
         6.87584e-06,            0.0870313
         6.08876e-06,            0.0871875
         5.42557e-06,            0.0873437
         4.86304e-06,               0.0875
         4.38275e-06,            0.0876563
         3.97007e-06,            0.0878125
         3.61334e-06,            0.0879688
         3.30318e-06,             0.088125
         3.03206e-06,            0.0882813
         2.79384e-06,            0.0884375
         2.58351e-06,            0.0885937
         2.39698e-06,              0.08875
         2.23084e-06,            0.0889063
         2.08228e-06,            0.0890625
         1.82881e-06,             0.089375
         1.62182e-06,            0.0896875
         1.45071e-06,                 0.09
          1.3077e-06,            0.0903125
         1.18701e-06,             0.090625
         1.08426e-06,            0.0909375
         9.96092e-07,              0.09125
         9.19886e-07,            0.0915625
         8.53595e-07,             0.091875
          7.9559e-07,            0.0921875
         7.44561e-07,               0.0925
         6.99451e-07,            0.0928125
         6.59394e-07,             0.093125
         5.91719e-07,              0.09375
         5.37167e-07,             0.094375
         4.92669e-07,                0.095
         4.56014e-07,             0.095625
          4.2558e-07,              0.09625
         4.00157e-07,             0.096875
         3.78825e-07,               0.0975
         3.60879e-07,             0.098125
         3.45767e-07,              0.09875
         3.22411e-07,                  0.1
         3.06257e-07,              0.10125
         2.95696e-07,               0.1025
         2.89678e-07,              0.10375
         2.87524e-07,                0.105
         2.88807e-07,              0.10625
         2.93289e-07,               0.1075
         3.00876e-07,              0.10875
         3.11594e-07,                 0.11
         3.25576e-07,              0.11125
         3.43062e-07,               0.1125
         3.64396e-07,              0.11375
         3.90044e-07,                0.115
         4.20601e-07,              0.11625
         4.56823e-07,               0.1175
         4.99653e-07,              0.11875
         5.50266e-07,                 0.12
         6.10125e-07,              0.12125
         6.81051e-07,               0.1225
         7.65325e-07,              0.12375
         8.65807e-07,                0.125
         9.86112e-07,              0.12625
         1.13083e-06,               0.1275
         1.30583e-06,              0.12875
         1.51866e-06,                 0.13
         1.77916e-06,              0.13125
         1.93115e-06,             0.131875
         2.10018e-06,               0.1325
         2.28849e-06,             0.133125
         2.49872e-06,              0.13375
         2.73388e-06,             0.134375
         2.99751e-06,                0.135
         3.29369e-06,             0.135625
         3.62724e-06,              0.13625
         4.00377e-06,             0.136875
         4.42991e-06,               0.1375
         4.91346e-06,             0.138125
         5.46369e-06,              0.13875
         6.09164e-06,             0.139375
         6.81047e-06,                 0.14
           7.636e-06,             0.140625
         8.58731e-06,              0.14125
         9.68748e-06,             0.141875
         1.09647e-05,               0.1425
         1.24534e-05,             0.143125
         1.41961e-05,              0.14375
         1.62455e-05,             0.144375
         1.86673e-05,                0.145
         2.15443e-05,             0.145625
         2.49814e-05,              0.14625
         2.91125e-05,             0.146875
         3.41109e-05,               0.1475
         4.02018e-05,             0.148125
         4.37464e-05,             0.148438
         4.76826e-05,              0.14875
         5.20632e-05,             0.149062
         5.69497e-05,             0.149375
         6.24137e-05,             0.149687
         6.85391e-05,                 0.15
         7.54245e-05,             0.150313
         8.31863e-05,             0.150625
         9.19624e-05,             0.150938
         0.000101917,              0.15125
         0.000113247,             0.151562
          0.00012619,             0.151875
         0.000141031,             0.152187
         0.000158121,               0.1525
         0.000177886,             0.152813
         0.000200856,             0.153125
         0.000227685,             0.153438
         0.000259198,              0.15375
         0.000296435,             0.154062
         0.000340724,             0.154375
         0.000393777,             0.154687
         0.000457823,                0.155
         0.000535804,             0.155313
           0.0005812,             0.155469
         0.000631649,             0.155625
         0.000687865,             0.155781
          0.00075068,             0.155938
         0.000821076,             0.156094
         0.000900212,              0.15625
         0.000989463,             0.156406
          0.00109047,             0.156562
          0.00120519,             0.156719
          0.00133598,             0.156875
          0.00148569,             0.157031
          0.00165777,             0.157187
          0.00185643,             0.157344
          0.00208682,               0.1575
          0.00235524,             0.157656
          0.00266947,             0.157813
          0.00303909,             0.157969
          0.00347589,             0.158125
          0.00399434,             0.158281
          0.00461204,             0.158438
          0.00535005,             0.158594
          0.00623287,              0.15875
          0.00728747,             0.158906
          0.00854072,             0.159062
           0.0100136,             0.159219
           0.0117104,             0.159375
           0.0136024,             0.159531
           0.0156055,             0.159687
           0.0175634,             0.159844
           0.0192515,                 0.16
           0.0204232,             0.160156
           0.0208925,             0.160313
           0.0206119,             0.160469
            0.019687,             0.160625
           0.0183207,             0.160781
           0.0167323,             0.160938
            0.015099,             0.161094
           0.0135372,              0.16125
           0.0121086,             0.161406
           0.0108368,             0.161562
           0.0097228,             0.161719
          0.00875541,             0.161875
          0.00791869,             0.162031
          0.00719565,             0.162187
          0.00657014,             0.162344
          0.00602773,               0.1625
           0.0055559,             0.162656
          0.00514401,             0.162813
          0.00478308,             0.162969
          0.00446561,             0.163125
           0.0041853,             0.163281
           0.0039369,             0.163438
          0.00351894,              0.16375
          0.00318426,             0.164062
          0.00291328,             0.164375
          0.00269181,             0.164687
          0.00250945,                0.165
          0.00235846,             0.165313
            0.002233,             0.165625
          0.00212862,             0.165938
          0.00204188,              0.16625
          0.00197012,             0.166563
          0.00191126,             0.166875
          0.00182604,               0.1675
          0.00177697,             0.168125
          0.00175853,              0.16875
           0.0017678,             0.169375
          0.00180387,                 0.17
          0.00186756,             0.170625
           0.0019614,              0.17125
           0.0020899,             0.171875
          0.00226002,               0.1725
          0.00248203,             0.173125
          0.00277089,              0.17375
          0.00294688,             0.174063
          0.00314854,             0.174375
          0.00338027,             0.174687
          0.00364753,                0.175
          0.00395704,             0.175313
          0.00431712,             0.175625
          0.00473819,             0.175938
          0.00523325,              0.17625
          0.00581864,             0.176563
          0.00651487,             0.176875
          0.00734756,             0.177187
          0.00834845,               0.1775
          0.00955587,             0.177813
           0.0110141,             0.178125
           0.0127698,             0.178438
           0.0148617,              0.17875
           0.0172992,             0.179063
           0.0200228,             0.179375
           0.0228474,             0.179688
           0.0241925,             0.179844
           0.0254144,                 0.18
           0.0264454,             0.180156
           0.0272183,             0.180313
           0.0276757,             0.180469
           0.0277789,             0.180625
           0.0275157,             0.180781
           0.0269024,             0.180938
           0.0259814,             0.181094
           0.0248134,              0.18125
           0.0234682,             0.181406
           0.0220151,             0.181563
           0.0190222,             0.181875
           0.0161901,             0.182188
           0.0136926,               0.1825
           0.0115764,             0.182812
          0.00982065,             0.183125
          0.00837743,             0.183437
          0.00719384,              0.18375
          0.00622126,             0.184063
          0.00541853,             0.184375
          0.00475214,             0.184688
          0.00419537,                0.185
          0.00372706,             0.185312
          0.00333052,             0.185625
          0.00299256,             0.185937
          0.00270271,              0.18625
          0.00245264,             0.186563
          0.00223566,             0.186875
          0.00204639,             0.187188
          0.00188046,               0.1875
           0.0017343,             0.187812
          0.00160497,             0.188125
          0.00149007,             0.188437
          0.00138758,              0.18875
          0.00121339,             0.189375
          0.00107191,                 0.19
           0.0009556,             0.190625
         0.000858957,              0.19125
         0.000777882,             0.191875
         0.000709282,               0.1925
         0.000650792,             0.193125
         0.000600577,              0.19375
         0.000557199,             0.194375
          0.00051952,                0.195
         0.000486629,             0.195625
         0.000457791,              0.19625
         0.000409992,               0.1975
         0.000372505,              0.19875
          0.00034284,                  0.2
         0.000319244,              0.20125
         0.000300455,               0.2025
         0.000285557,              0.20375
          0.00027387,                0.205
          0.00026489,              0.20625
         0.000258243,               0.2075
         0.000253648,              0.20875
         0.000250903,                 0.21
         0.000250435,               0.2125
         0.000256236,                0.215
         0.000268309,               0.2175
         0.000287194,                 0.22
         0.000313997,               0.2225
         0.000330895,              0.22375
         0.000350509,                0.225
         0.000373207,              0.22625
         0.000399437,               0.2275
         0.000429747,              0.22875
         0.000464802,                 0.23
         0.000505414,              0.23125
         0.000552582,               0.2325
         0.000607535,              0.23375
         0.000671801,                0.235
         0.000747282,              0.23625
         0.000836372,               0.2375
         0.000942103,              0.23875
          0.00106835,                 0.24
           0.0012201,              0.24125
          0.00140387,               0.2425
          0.00162823,              0.24375
          0.00190457,                0.245
          0.00206686,             0.245625
          0.00224832,              0.24625
          0.00245177,             0.246875
          0.00268055,               0.2475
          0.00293857,             0.248125
          0.00323053,              0.24875
          0.00356199,             0.249375
          0.00393961,                 0.25
          0.00437143,             0.250625
          0.00486713,              0.25125
          0.00543848,             0.251875
          0.00609981,               0.2525
          0.00686867,             0.253125
          0.00776664,              0.25375
          0.00882029,             0.254375
           0.0100625,                0.255
            0.011534,             0.255625
           0.0132852,              0.25625
           0.0153781,             0.256875
           0.0178889,               0.2575
           0.0209091,             0.258125
           0.0245463,              0.25875
           0.0289207,             0.259375
           0.0341558,                 0.26
           0.0403555,             0.260625
            0.047563,              0.26125
           0.0556944,             0.261875
           0.0644528,               0.2625
           0.0732534,             0.263125
           0.0812259,              0.26375
           0.0873694,             0.264375
           0.0908566,                0.265
           0.0913432,             0.265625
           0.0890775,              0.26625
           0.0847438,             0.266875
            0.079172,               0.2675
            0.073097,             0.268125
           0.0670489,              0.26875
           0.0613496,             0.269375
           0.0561596,                 0.27
            0.047462,              0.27125
           0.0408167,               0.2725
           0.0358101,              0.27375
           0.0320481,                0.275
           0.0292228,              0.27625
           0.0271097,               0.2775
           0.0255488,              0.27875
           0.0244274,                 0.28
           0.0236665,              0.28125
           0.0232115,               0.2825
           0.0230258,              0.28375
           0.0230867,                0.285
           0.0233825,              0.28625
           0.0239106,               0.2875
            0.024677,              0.28875
            0.025696,                 0.29
           0.0269902,              0.29125
           0.0285919,               0.2925
            0.030544,              0.29375
           0.0329026,                0.295
           0.0357396,              0.29625
            0.039147,               0.2975
           0.0432417,              0.29875
           0.0481729,                  0.3
           0.0541308,              0.30125
           0.0613585,               0.3025
           0.0701662,              0.30375
           0.0809494,                0.305
           0.0942084,              0.30625
            0.110567,               0.3075
            0.130783,              0.30875
            0.155733,                 0.31
            0.186337,              0.31125
            0.223377,               0.3125
            0.267128,              0.31375
            0.316783,                0.315
            0.369755,              0.31625
            0.421292,               0.3175
            0.465079,              0.31875
            0.495164,                 0.32
            0.508374,              0.32125
            0.505504,               0.3225
            0.490441,              0.32375
            0.468172,                0.325
            0.443119,              0.32625
            0.418423,               0.3275
            0.395974,              0.32875
            0.376729,                 0.33
            0.349052,               0.3325
            0.335625,                0.335
            0.335689,               0.3375
            0.349113,                 0.34
            0.376729,               0.3425
            0.420018,                0.345
            0.479792,               0.3475
            0.515144,              0.34875
             0.55272,                 0.35
            0.590383,              0.35125
             0.62493,               0.3525
            0.652245,              0.35375
            0.667937,                0.355
             0.66848,              0.35625
            0.652443,               0.3575
            0.621136,              0.35875
            0.578213,                 0.36
            0.528469,              0.36125
            0.476511,               0.3625
            0.425903,              0.36375
            0.378918,                0.365
            0.336697,              0.36625
            0.299573,               0.3675
            0.267382,              0.36875
            0.239707,                 0.37
            0.216026,              0.37125
            0.195809,               0.3725
             0.17856,              0.37375
            0.163839,                0.375
            0.151266,              0.37625
            0.140519,               0.3775
            0.131331,              0.37875
            0.123476,                 0.38
             0.11677,              0.38125
             0.11106,               0.3825
            0.102149,                0.385
           0.0959895,               0.3875
           0.0920896,                 0.39
           0.0901503,               0.3925
           0.0900223,                0.395
            0.091685,               0.3975
           0.0952391,                  0.4
            0.100914,               0.4025
            0.109081,                0.405
            0.120272,               0.4075
             0.13518,                 0.41
             0.15458,               0.4125
            0.179061,                0.415
            0.208305,               0.4175
            0.224029,              0.41875
            0.239666,                 0.42
            0.254232,              0.42125
            0.266479,               0.4225
            0.275031,              0.42375
             0.27865,                0.425
            0.276557,              0.42625
            0.268682,               0.4275
            0.255717,              0.42875
            0.238929,                 0.43
            0.219832,              0.43125
             0.19986,               0.4325
            0.180162,              0.43375
            0.161525,                0.435
            0.144404,              0.43625
            0.128994,               0.4375
            0.115317,              0.43875
            0.103288,                 0.44
           0.0927654,              0.44125
           0.0835883,               0.4425
           0.0755927,              0.44375
           0.0686246,                0.445
           0.0625446,              0.44625
           0.0572296,               0.4475
           0.0525731,              0.44875
           0.0484831,                 0.45
           0.0448813,              0.45125
           0.0417008,               0.4525
            0.038885,              0.45375
           0.0363856,                0.455
           0.0321779,               0.4575
           0.0288169,                 0.46
           0.0261122,               0.4625
           0.0239233,                0.465
           0.0221457,               0.4675
           0.0207009,                 0.47
           0.0195296,               0.4725
           0.0185867,                0.475
           0.0178376,               0.4775
           0.0172562,                 0.48
           0.0168225,               0.4825
           0.0165218,                0.485
           0.0162803,                 0.49
           0.0164861,                0.495
           0.0171388,                  0.5

