------------------------------------------------------------
 Transmission Coefficient on refined energy grid using transfer matrices
------------------------------------------------------------
Transmission Coefficient, Energy (eV)
         1.36013e-12,                0.005
         1.71733e-12,             0.005625
         2.14306e-12,              0.00625
         2.64948e-12,             0.006875
         3.25087e-12,               0.0075
         3.96399e-12,             0.008125
         4.80857e-12,              0.00875
         5.80779e-12,             0.009375
         6.98894e-12,                 0.01
         8.38413e-12,             0.010625
         1.00312e-11,              0.01125
         1.19747e-11,             0.011875
         1.42671e-11,               0.0125
         1.69706e-11,             0.013125
         2.01583e-11,              0.01375
         2.39167e-11,             0.014375
         2.83481e-11,                0.015
         3.35737e-11,             0.015625
         3.97367e-11,              0.01625
         4.70073e-11,             0.016875
         5.55873e-11,               0.0175
         6.57163e-11,             0.018125
         7.76794e-11,              0.01875
          9.1816e-11,             0.019375
          1.0853e-10,                 0.02
         1.28305e-10,             0.020625
         1.51716e-10,              0.02125
         1.79453e-10,             0.021875
         2.12341e-10,               0.0225
          2.5137e-10,             0.023125
         2.97729e-10,              0.02375
         3.52848e-10,             0.024375
         4.18448e-10,                0.025
         4.96606e-10,             0.025625
         5.89833e-10,              0.02625
         7.01163e-10,             0.026875
          8.3428e-10,               0.0275
         9.93654e-10,             0.028125
         1.18473e-09,              0.02875
         1.41412e-09,             0.029375
         1.68995e-09,                 0.03
         2.02212e-09,             0.030625
         2.42279e-09,              0.03125
         2.90691e-09,             0.031875
         3.49289e-09,               0.0325
         4.20347e-09,             0.033125
         5.06682e-09,              0.03375
         6.11786e-09,             0.034375
          7.4001e-09,                0.035
         8.96781e-09,             0.035625
          9.8793e-09,            0.0359375
         1.08889e-08,              0.03625
         1.20078e-08,            0.0365625
         1.32486e-08,             0.036875
         1.46255e-08,            0.0371875
         1.61543e-08,               0.0375
         1.78529e-08,            0.0378125
         1.97416e-08,             0.038125
         2.18428e-08,            0.0384375
         2.41823e-08,              0.03875
         2.67889e-08,            0.0390625
         2.96951e-08,             0.039375
         3.29379e-08,            0.0396875
         3.65591e-08,                 0.04
         4.06059e-08,            0.0403125
          4.5132e-08,             0.040625
         5.01983e-08,            0.0409375
         5.58741e-08,              0.04125
         6.22381e-08,            0.0415625
         6.93802e-08,             0.041875
         7.74026e-08,            0.0421875
         8.64223e-08,               0.0425
         9.65729e-08,            0.0428125
         1.08007e-07,             0.043125
         1.20901e-07,            0.0434375
         1.35454e-07,              0.04375
         1.51899e-07,            0.0440625
         1.70501e-07,             0.044375
         1.91567e-07,            0.0446875
         2.15449e-07,                0.045
         2.42557e-07,            0.0453125
         2.73364e-07,             0.045625
         3.08418e-07,            0.0459375
         3.48355e-07,              0.04625
         3.93915e-07,            0.0465625
         4.45961e-07,             0.046875
         5.05501e-07,            0.0471875
          5.7371e-07,               0.0475
         6.51969e-07,            0.0478125
         7.41896e-07,             0.048125
         8.45395e-07,            0.0484375
         9.64712e-07,              0.04875
          1.1025e-06,            0.0490625
         1.26189e-06,             0.049375
         1.44662e-06,            0.0496875
         1.66111e-06,                 0.05
         1.91065e-06,            0.0503125
         2.20157e-06,             0.050625
         2.54143e-06,            0.0509375
         2.93935e-06,              0.05125
         3.40633e-06,            0.0515625
         3.95564e-06,             0.051875
         4.60343e-06,            0.0521875
         5.36935e-06,               0.0525
          6.2774e-06,            0.0528125
         7.35703e-06,             0.053125
         8.64452e-06,            0.0534375
         1.01847e-05,              0.05375
         1.20332e-05,            0.0540625
         1.42596e-05,             0.054375
          1.6951e-05,            0.0546875
          2.0217e-05,                0.055
         2.41966e-05,            0.0553125
          2.9067e-05,             0.055625
         3.19049e-05,            0.0557812
         3.50553e-05,            0.0559375
          3.8557e-05,            0.0560937
         4.24543e-05,              0.05625
         4.67977e-05,            0.0564062
          5.1645e-05,            0.0565625
         5.70624e-05,            0.0567187
         6.31259e-05,             0.056875
         6.99233e-05,            0.0570312
         7.75555e-05,            0.0571875
         8.61394e-05,            0.0573437
         9.58104e-05,               0.0575
         0.000106726,            0.0576562
          0.00011907,            0.0578125
         0.000133057,            0.0579687
         0.000148937,             0.058125
         0.000167007,            0.0582812
         0.000187614,            0.0584375
         0.000211172,            0.0585938
         0.000238169,              0.05875
         0.000269189,            0.0589062
          0.00030493,            0.0590625
         0.000346232,            0.0592188
         0.000394108,             0.059375
         0.000449786,            0.0595312
         0.000514764,            0.0596875
         0.000590876,            0.0598438
         0.000680384,                 0.06
         0.000786092,            0.0601562
         0.000911501,            0.0603125
          0.00106101,            0.0604688
           0.0012402,             0.060625
          0.00145618,            0.0607812
          0.00171813,            0.0609375
          0.00203799,            0.0610938
          0.00222437,            0.0611719
          0.00243149,              0.06125
          0.00266214,            0.0613281
          0.00291955,            0.0614062
           0.0032075,            0.0614844
           0.0035304,            0.0615625
          0.00389342,            0.0616406
          0.00430268,            0.0617188
          0.00476538,            0.0617969
          0.00529014,             0.061875
          0.00588721,            0.0619531
          0.00656895,            0.0620312
          0.00735026,            0.0621094
          0.00824926,            0.0621875
          0.00928813,            0.0622656
           0.0104942,            0.0623438
           0.0119012,            0.0624219
           0.0135517,               0.0625
           0.0154989,            0.0625781
           0.0178108,            0.0626562
           0.0205747,            0.0627344
            0.023904,            0.0628125
           0.0279476,            0.0628906
           0.0329037,            0.0629687
            0.035804,            0.0630078
           0.0390393,            0.0630469
           0.0426587,            0.0630859
           0.0467197,             0.063125
           0.0512905,            0.0631641
           0.0564521,            0.0632031
           0.0623009,            0.0632422
           0.0689526,            0.0632813
           0.0765459,            0.0633203
           0.0852485,            0.0633594
           0.0952637,            0.0633984
            0.106838,            0.0634375
            0.120274,            0.0634766
            0.135938,            0.0635156
             0.15428,            0.0635547
             0.17585,            0.0635938
            0.201312,            0.0636328
            0.231466,            0.0636719
            0.267257,            0.0637109
            0.309761,              0.06375
            0.360138,            0.0637891
            0.419505,            0.0638281
            0.488674,            0.0638672
            0.567699,            0.0639062
            0.655177,            0.0639453
            0.747386,            0.0639844
            0.837605,            0.0640234
            0.916283,            0.0640625
            0.972809,            0.0641016
            0.998774,            0.0641406
            0.991204,            0.0641797
            0.953605,            0.0642187
            0.894125,            0.0642578
            0.822315,            0.0642969
            0.746457,            0.0643359
            0.672385,             0.064375
            0.603506,            0.0644141
            0.541385,            0.0644531
            0.486396,            0.0644922
            0.438245,            0.0645313
            0.396319,            0.0645703
            0.359892,            0.0646094
            0.328237,            0.0646484
            0.300684,            0.0646875
             0.27664,            0.0647266
            0.255591,            0.0647656
              0.2371,            0.0648047
            0.220797,            0.0648438
            0.206369,            0.0648828
            0.193555,            0.0649219
             0.17192,                0.065
            0.154506,            0.0650781
            0.140318,            0.0651562
            0.128634,            0.0652344
            0.118921,            0.0653125
            0.110781,            0.0653906
            0.103912,            0.0654687
           0.0980826,            0.0655469
           0.0931131,             0.065625
            0.088863,            0.0657031
           0.0852206,            0.0657813
           0.0794202,            0.0659375
            0.075186,            0.0660938
           0.0721695,              0.06625
           0.0701362,            0.0664062
           0.0689275,            0.0665625
           0.0684383,            0.0667187
           0.0686018,             0.066875
           0.0693813,            0.0670313
           0.0707642,            0.0671875
           0.0727596,            0.0673438
           0.0753967,               0.0675
           0.0787254,            0.0676563
           0.0828177,            0.0678125
            0.087771,            0.0679687
           0.0937126,             0.068125
            0.100806,            0.0682813
            0.109262,            0.0684375
            0.119346,            0.0685938
              0.1314,              0.06875
            0.145858,            0.0689063
             0.16328,            0.0690625
             0.18438,            0.0692187
            0.210078,             0.069375
            0.241543,            0.0695313
            0.280244,            0.0696875
            0.327973,            0.0698438
            0.386784,                 0.07
            0.458745,            0.0701563
            0.545275,            0.0703125
            0.645793,            0.0704687
             0.75551,             0.070625
            0.862984,            0.0707813
            0.910313,            0.0708594
            0.949842,            0.0709375
             0.97906,            0.0710156
            0.996012,            0.0710938
            0.999637,            0.0711719
            0.989957,              0.07125
            0.968052,            0.0713281
            0.935836,            0.0714063
             0.89571,            0.0714844
            0.850198,            0.0715625
             0.75208,            0.0717187
            0.655643,             0.071875
            0.568506,            0.0720313
            0.493373,            0.0721875
            0.430187,            0.0723438
            0.377676,               0.0725
            0.334215,            0.0726563
            0.298232,            0.0728125
            0.268352,            0.0729687
            0.243437,             0.073125
            0.222565,            0.0732813
               0.205,            0.0734375
            0.190154,            0.0735938
            0.177561,              0.07375
            0.166849,            0.0739063
            0.157721,            0.0740625
            0.149938,            0.0742188
            0.143308,             0.074375
            0.132914,            0.0746875
            0.125621,                0.075
            0.120831,            0.0753125
            0.118162,             0.075625
            0.117397,            0.0759375
            0.118443,              0.07625
             0.12132,            0.0765625
            0.126155,             0.076875
              0.1332,            0.0771875
            0.142852,               0.0775
            0.155706,            0.0778125
             0.17262,             0.078125
            0.182966,            0.0782813
            0.194829,            0.0784375
            0.208446,            0.0785938
            0.224107,              0.07875
            0.242155,            0.0789063
            0.263001,            0.0790625
            0.287132,            0.0792188
            0.315118,             0.079375
            0.347617,            0.0795312
            0.385366,            0.0796875
            0.429143,            0.0798437
            0.479697,                 0.08
            0.537594,            0.0801563
            0.602966,            0.0803125
            0.675098,            0.0804688
             0.75188,             0.080625
            0.829216,            0.0807812
            0.900695,            0.0809375
            0.958027,            0.0810937
            0.992686,              0.08125
            0.998544,            0.0814063
            0.974259,            0.0815625
             0.92388,            0.0817188
            0.855213,             0.081875
            0.777077,            0.0820312
            0.697042,            0.0821875
            0.620385,            0.0823437
            0.550116,               0.0825
            0.487509,            0.0826563
            0.432719,            0.0828125
            0.385278,            0.0829688
            0.344438,             0.083125
            0.309366,            0.0832813
            0.279254,            0.0834375
            0.253369,            0.0835937
             0.23107,              0.08375
            0.211811,            0.0839063
             0.19513,            0.0840625
            0.180641,            0.0842188
             0.16802,             0.084375
               0.157,            0.0845313
            0.147357,            0.0846875
            0.131487,                0.085
            0.119258,            0.0853125
            0.109863,             0.085625
            0.102738,            0.0859375
           0.0974959,              0.08625
            0.093875,            0.0865625
           0.0917194,             0.086875
           0.0909619,            0.0871875
           0.0916216,               0.0875
           0.0938128,            0.0878125
           0.0977684,             0.088125
            0.103884,            0.0884375
             0.10794,            0.0885937
            0.112802,              0.08875
            0.118612,            0.0889063
            0.125553,            0.0890625
            0.133859,            0.0892188
            0.143834,             0.089375
            0.155879,            0.0895313
            0.170524,            0.0896875
            0.188484,            0.0898438
            0.210725,                 0.09
            0.238576,            0.0901563
            0.255153,            0.0902344
            0.273867,            0.0903125
            0.295057,            0.0903906
            0.319115,            0.0904688
            0.346496,            0.0905469
            0.377712,             0.090625
            0.413332,            0.0907031
            0.453951,            0.0907813
            0.500144,            0.0908594
            0.552367,            0.0909375
            0.610793,            0.0910156
             0.67504,            0.0910938
            0.743792,            0.0911719
            0.814333,              0.09125
            0.882114,            0.0913281
            0.940678,            0.0914062
            0.982322,            0.0914844
            0.999786,            0.0915625
            0.988588,            0.0916406
            0.948892,            0.0917187
             0.88567,            0.0917969
            0.806969,             0.091875
            0.721379,            0.0919531
            0.636031,            0.0920313
            0.555745,            0.0921094
            0.483134,            0.0921875
             0.41915,            0.0922656
            0.363696,            0.0923438
            0.316109,            0.0924219
            0.275489,               0.0925
            0.240886,            0.0925781
            0.211407,            0.0926562
             0.18625,            0.0927344
            0.164728,            0.0928125
            0.146255,            0.0928906
            0.130342,            0.0929687
            0.116583,            0.0930469
             0.10464,             0.093125
           0.0942328,            0.0932031
           0.0851298,            0.0932813
           0.0771378,            0.0933594
           0.0700957,            0.0934375
           0.0638691,            0.0935156
           0.0583451,            0.0935938
           0.0534287,            0.0936719
           0.0490397,              0.09375
           0.0451099,            0.0938281
           0.0415815,            0.0939062
           0.0355378,            0.0940625
           0.0305912,            0.0942187
           0.0265052,             0.094375
           0.0231019,            0.0945313
           0.0202454,            0.0946875
            0.017831,            0.0948438
            0.015777,                0.095
           0.0140192,            0.0951562
           0.0125065,            0.0953125
           0.0111981,            0.0954687
            0.010061,             0.095625
          0.00906829,            0.0957813
          0.00819811,            0.0959375
          0.00743236,            0.0960938
          0.00675604,              0.09625
          0.00615665,            0.0964062
          0.00562373,            0.0965625
          0.00514846,            0.0967187
          0.00472338,             0.096875
          0.00434215,            0.0970313
          0.00399937,            0.0971875
          0.00341124,               0.0975
           0.0029291,            0.0978125
          0.00253055,             0.098125
          0.00219858,            0.0984375
          0.00192013,              0.09875
          0.00168507,            0.0990625
          0.00148545,             0.099375
          0.00131499,            0.0996875
          0.00116869,                  0.1
           0.0010425,             0.100312
         0.000933184,             0.100625
         0.000838077,             0.100938
         0.000755005,              0.10125
         0.000682172,             0.101562
          0.00061809,             0.101875
         0.000561518,             0.102188
         0.000511418,               0.1025
         0.000466914,             0.102813
         0.000427268,             0.103125
         0.000391853,             0.103438
         0.000360135,              0.10375
         0.000306026,             0.104375
         0.000262004,                0.105
         0.000225879,             0.105625
         0.000195998,              0.10625
         0.000171099,             0.106875
          0.00015021,               0.1075
         0.000132573,             0.108125
         0.000117592,              0.10875
         0.000104797,             0.109375
         9.38112e-05,                 0.11
         8.43324e-05,             0.110625
          7.6116e-05,              0.11125
         6.89626e-05,             0.111875
         6.27088e-05,               0.1125
         5.72202e-05,             0.113125
         5.23851e-05,              0.11375
         4.81108e-05,             0.114375
         4.43196e-05,                0.115
         4.09462e-05,             0.115625
         3.79356e-05,              0.11625
         3.28225e-05,               0.1175
         2.86833e-05,              0.11875
            2.53e-05,                 0.12
         2.25101e-05,              0.12125
         2.01913e-05,               0.1225
         1.82501e-05,              0.12375
         1.66147e-05,                0.125
          1.5229e-05,              0.12625
          1.4049e-05,               0.1275
         1.30398e-05,              0.12875
         1.21737e-05,                 0.13
         1.14282e-05,              0.13125
         1.07853e-05,               0.1325
         1.02301e-05,              0.13375
         9.75071e-06,                0.135
         8.98115e-06,               0.1375
         8.41622e-06,                 0.14
         8.01451e-06,               0.1425
         7.74763e-06,                0.145
         7.59644e-06,               0.1475
         7.54866e-06,                 0.15
         7.59735e-06,               0.1525
         7.73997e-06,                0.155
         7.97789e-06,               0.1575
         8.31619e-06,                 0.16
          8.7638e-06,               0.1625
         9.33385e-06,                0.165
         1.00443e-05,               0.1675
          1.0919e-05,                 0.17
          1.1989e-05,               0.1725
         1.32945e-05,                0.175
         1.48873e-05,               0.1775
         1.68347e-05,                 0.18
         1.92243e-05,               0.1825
         2.21703e-05,                0.185
         2.58237e-05,               0.1875
         2.79759e-05,              0.18875
         3.03848e-05,                 0.19
         3.30864e-05,              0.19125
         3.61222e-05,               0.1925
          3.9541e-05,              0.19375
         4.33995e-05,                0.195
         4.77645e-05,              0.19625
         5.27143e-05,               0.1975
         5.83416e-05,              0.19875
         6.47556e-05,                  0.2
         7.20865e-05,              0.20125
         8.04892e-05,               0.2025
         9.01487e-05,              0.20375
         0.000101287,                0.205
         0.000114173,              0.20625
          0.00012913,               0.2075
         0.000146551,              0.20875
         0.000166918,                 0.21
          0.00019082,              0.21125
         0.000218983,               0.2125
         0.000252307,              0.21375
         0.000291914,                0.215
         0.000339208,              0.21625
         0.000395963,               0.2175
         0.000464428,              0.21875
         0.000547479,                 0.22
         0.000648823,              0.22125
         0.000707805,             0.221875
         0.000773271,               0.2225
         0.000846058,             0.223125
          0.00092713,              0.22375
           0.0010176,             0.224375
          0.00111874,                0.225
          0.00123204,             0.225625
          0.00135924,              0.22625
          0.00150234,             0.226875
          0.00166369,               0.2275
          0.00184605,             0.228125
          0.00205267,              0.22875
          0.00228739,             0.229375
          0.00255473,                 0.23
          0.00286012,             0.230625
             0.00321,              0.23125
          0.00361213,             0.231875
          0.00407584,               0.2325
          0.00461247,             0.233125
          0.00523578,              0.23375
          0.00596265,             0.234375
          0.00681386,                0.235
          0.00781514,             0.235625
          0.00899861,              0.23625
           0.0104046,             0.236875
           0.0120841,               0.2375
           0.0141021,             0.238125
           0.0165424,              0.23875
           0.0195136,             0.239375
           0.0212411,             0.239687
            0.023158,                 0.24
           0.0252893,             0.240313
            0.027664,             0.240625
           0.0303158,             0.240938
           0.0332838,              0.24125
           0.0366136,             0.241563
           0.0403587,             0.241875
           0.0445816,             0.242188
           0.0493561,               0.2425
            0.054769,             0.242812
           0.0609234,             0.243125
           0.0679412,             0.243437
           0.0759677,              0.24375
           0.0851757,             0.244063
           0.0957718,             0.244375
            0.108002,             0.244688
            0.122161,                0.245
            0.138599,             0.245312
            0.157731,             0.245625
            0.180046,             0.245937
            0.206115,              0.24625
            0.236588,             0.246563
            0.272188,             0.246875
            0.313678,             0.247188
              0.3618,               0.2475
            0.417164,             0.247812
            0.480063,             0.248125
            0.550211,             0.248437
             0.62641,              0.24875
            0.706214,             0.249063
            0.785727,             0.249375
            0.859754,             0.249688
            0.922463,                 0.25
            0.968535,             0.250312
            0.994439,             0.250625
            0.999295,             0.250937
              0.9849,              0.25125
            0.954988,             0.251562
            0.914139,             0.251875
            0.866802,             0.252188
            0.816691,               0.2525
            0.718273,             0.253125
            0.631073,              0.25375
             0.55841,             0.254375
            0.499569,                0.255
            0.452524,             0.255625
            0.415122,              0.25625
            0.385488,             0.256875
            0.362115,               0.2575
            0.343829,             0.258125
            0.329735,              0.25875
            0.319151,             0.259375
            0.311565,                 0.26
            0.306595,             0.260625
            0.303959,              0.26125
            0.304949,               0.2625
            0.313622,              0.26375
            0.329794,                0.265
            0.353819,              0.26625
             0.38648,               0.2675
            0.428873,              0.26875
            0.482221,                 0.27
            0.547499,              0.27125
            0.624739,               0.2725
            0.711911,              0.27375
            0.803543,                0.275
             0.88984,              0.27625
            0.957754,               0.2775
            0.995049,              0.27875
            0.995767,                 0.28
            0.963038,              0.28125
            0.906864,               0.2825
            0.839111,              0.28375
            0.769524,                0.285
            0.704339,              0.28625
            0.646693,               0.2875
            0.597656,              0.28875
            0.557148,                 0.29
            0.524567,              0.29125
             0.49915,               0.2925
            0.480156,              0.29375
            0.466959,                0.295
            0.459069,              0.29625
            0.456144,               0.2975
            0.457981,              0.29875
            0.464508,                  0.3
            0.475769,              0.30125
            0.491916,               0.3025
            0.513181,              0.30375
            0.539854,                0.305
            0.572226,              0.30625
            0.610514,               0.3075
            0.704501,                 0.31
            0.758811,              0.31125
            0.815721,               0.3125
            0.872131,              0.31375
            0.923738,                0.315
            0.965404,              0.31625
            0.992041,               0.3175
            0.999876,              0.31875
            0.987596,                 0.32
            0.956794,              0.32125
            0.911442,               0.3225
            0.856709,              0.32375
            0.797698,                0.325
            0.738611,              0.32625
            0.682413,               0.3275
            0.584996,                 0.33
            0.544942,              0.33125
            0.510645,               0.3325
            0.481806,              0.33375
            0.458054,                0.335
            0.439019,              0.33625
            0.424378,               0.3375
            0.413878,              0.33875
            0.407356,                 0.34
            0.404746,              0.34125
             0.40609,               0.3425
            0.411552,              0.34375
            0.421428,                0.345
            0.436168,              0.34625
            0.456396,               0.3475
            0.482927,              0.34875
            0.516771,                 0.35
            0.559089,              0.35125
            0.611049,               0.3525
             0.67345,              0.35375
             0.74594,                0.355
            0.825568,              0.35625
            0.904679,               0.3575
            0.939872,             0.358125
            0.969111,              0.35875
             0.98982,             0.359375
            0.999534,                 0.36
            0.996306,             0.360625
            0.979122,              0.36125
            0.948176,             0.361875
            0.904921,               0.3625
            0.851828,             0.363125
            0.791962,              0.36375
            0.664265,                0.365
            0.542096,              0.36625
            0.486827,             0.366875
            0.436304,               0.3675
            0.390669,             0.368125
            0.349805,              0.36875
            0.313435,             0.369375
            0.281195,                 0.37
            0.252683,             0.370625
              0.2275,              0.37125
            0.205261,             0.371875
            0.185615,               0.3725
             0.16824,             0.373125
            0.152854,              0.37375
            0.139205,             0.374375
            0.127074,                0.375
            0.116271,             0.375625
             0.10663,              0.37625
           0.0980067,             0.376875
           0.0902773,               0.3775
           0.0770824,              0.37875
           0.0663424,                 0.38
           0.0575269,              0.38125
           0.0502329,               0.3825
           0.0441519,              0.38375
           0.0390458,                0.385
           0.0347294,              0.38625
           0.0310575,               0.3875
           0.0279156,              0.38875
           0.0252121,                 0.39
           0.0228739,              0.39125
           0.0208417,               0.3925
           0.0190675,              0.39375
           0.0175119,                0.395
           0.0161426,              0.39625
           0.0149326,               0.3975
           0.0138598,              0.39875
           0.0129054,                  0.4
           0.0112917,               0.4025
          0.00999273,                0.405
          0.00893701,               0.4075
          0.00807191,                 0.41
          0.00735818,               0.4125
          0.00676613,                0.415
          0.00627308,               0.4175
          0.00586154,                 0.42
          0.00551789,               0.4225
          0.00523147,                0.425
          0.00499387,               0.4275
          0.00479845,                 0.43
          0.00451437,                0.435
          0.00434949,                 0.44
          0.00428648,                0.445
          0.00431694,                 0.45
          0.00443981,                0.455
          0.00466074,                 0.46
          0.00499258,                0.465
          0.00545675,                 0.47
          0.00574811,               0.4725
          0.00608588,                0.475
           0.0064766,               0.4775
           0.0069282,                 0.48
           0.0074503,               0.4825
           0.0080546,                0.485
          0.00875538,               0.4875
           0.0095701,                 0.49
           0.0105203,               0.4925
           0.0116326,                0.495
           0.0129401,               0.4975
           0.0144844,                  0.5

