------------------------------------------------------------
 Transmission Coefficient on refined energy grid using transfer matrices
------------------------------------------------------------
Transmission Coefficient, Energy (eV)
         1.71271e-12,                0.005
         2.10408e-12,             0.005625
           2.554e-12,              0.00625
         3.07036e-12,             0.006875
         3.66212e-12,               0.0075
          4.3394e-12,             0.008125
         5.11367e-12,              0.00875
         5.99792e-12,             0.009375
         7.00684e-12,                 0.01
         8.15709e-12,             0.010625
         9.46753e-12,              0.01125
         1.09595e-11,             0.011875
         1.26573e-11,               0.0125
         1.45884e-11,             0.013125
         1.67839e-11,              0.01375
         1.92791e-11,             0.014375
         2.21142e-11,                0.015
         2.53347e-11,             0.015625
         2.89922e-11,              0.01625
         3.31456e-11,             0.016875
         3.78617e-11,               0.0175
         4.32162e-11,             0.018125
         4.92957e-11,              0.01875
         5.61983e-11,             0.019375
         6.40361e-11,                 0.02
         7.29366e-11,             0.020625
          8.3045e-11,              0.02125
         9.45273e-11,             0.021875
         1.07573e-10,               0.0225
         1.22397e-10,             0.023125
         1.39247e-10,              0.02375
         1.58405e-10,             0.024375
         1.80194e-10,                0.025
         2.04983e-10,             0.025625
         2.33195e-10,              0.02625
         2.65316e-10,             0.026875
         3.01901e-10,               0.0275
         3.43591e-10,             0.028125
         3.91118e-10,              0.02875
         4.45327e-10,             0.029375
         5.07189e-10,                 0.03
         5.77821e-10,             0.030625
         6.58513e-10,              0.03125
         7.50751e-10,             0.031875
         8.56254e-10,               0.0325
         9.77004e-10,             0.033125
          1.1153e-09,              0.03375
         1.27379e-09,             0.034375
         1.45557e-09,                0.035
         1.66421e-09,             0.035625
         1.90386e-09,              0.03625
         2.17935e-09,             0.036875
          2.4963e-09,               0.0375
         2.86127e-09,             0.038125
          3.2819e-09,              0.03875
         3.76713e-09,             0.039375
          4.3274e-09,                 0.04
         4.97495e-09,             0.040625
         5.72413e-09,              0.04125
         6.59181e-09,             0.041875
          7.5978e-09,               0.0425
         8.76545e-09,             0.043125
         1.01223e-08,              0.04375
         1.17009e-08,             0.044375
         1.35397e-08,                0.045
         1.56843e-08,             0.045625
         1.81888e-08,              0.04625
         2.11177e-08,             0.046875
         2.45475e-08,               0.0475
         2.85699e-08,             0.048125
         3.32941e-08,              0.04875
         3.88513e-08,             0.049375
         4.53987e-08,                 0.05
         5.31256e-08,             0.050625
           6.226e-08,              0.05125
         7.30775e-08,             0.051875
         8.59117e-08,               0.0525
         1.01168e-07,             0.053125
         1.19338e-07,              0.05375
         1.41024e-07,             0.054375
         1.66961e-07,                0.055
         1.98051e-07,             0.055625
         2.35404e-07,              0.05625
         2.80387e-07,             0.056875
         3.34695e-07,               0.0575
         4.00432e-07,             0.058125
         4.80217e-07,              0.05875
         5.77326e-07,             0.059375
          6.9587e-07,                 0.06
         7.64749e-07,            0.0603125
         8.41026e-07,             0.060625
         9.25567e-07,            0.0609375
         1.01934e-06,              0.06125
         1.12345e-06,            0.0615625
         1.23914e-06,             0.061875
          1.3678e-06,            0.0621875
         1.51102e-06,               0.0625
         1.67061e-06,            0.0628125
          1.8486e-06,             0.063125
         2.04731e-06,            0.0634375
         2.26938e-06,              0.06375
         2.51781e-06,            0.0640625
         2.79604e-06,             0.064375
         3.10798e-06,            0.0646875
         3.45811e-06,                0.065
         3.85157e-06,            0.0653125
         4.29425e-06,             0.065625
         4.79292e-06,            0.0659375
         5.35537e-06,              0.06625
         5.99061e-06,            0.0665625
         6.70901e-06,             0.066875
          7.5226e-06,            0.0671875
         8.44531e-06,               0.0675
         9.49334e-06,            0.0678125
         1.06855e-05,             0.068125
         1.20439e-05,            0.0684375
         1.35941e-05,              0.06875
         1.53662e-05,            0.0690625
         1.73957e-05,             0.069375
         1.97241e-05,            0.0696875
         2.24005e-05,                 0.07
          2.5483e-05,            0.0703125
         2.90406e-05,             0.070625
          3.3155e-05,            0.0709375
         3.79242e-05,              0.07125
         4.34651e-05,            0.0715625
          4.9918e-05,             0.071875
         5.74523e-05,            0.0721875
         6.62721e-05,               0.0725
         7.66255e-05,            0.0728125
         8.88145e-05,             0.073125
         0.000103208,            0.0734375
         0.000120259,              0.07375
         0.000140528,            0.0740625
         0.000164706,             0.074375
         0.000193656,            0.0746875
         0.000228458,                0.075
         0.000270474,            0.0753125
         0.000321425,             0.075625
         0.000383509,            0.0759375
         0.000419577,            0.0760938
         0.000459546,              0.07625
         0.000503897,            0.0764063
         0.000553183,            0.0765625
         0.000608036,            0.0767188
         0.000669177,             0.076875
          0.00073744,            0.0770313
          0.00081378,            0.0771875
         0.000899303,            0.0773438
         0.000995289,               0.0775
          0.00110322,            0.0776563
          0.00122483,            0.0778125
          0.00136212,            0.0779688
          0.00151747,             0.078125
          0.00169365,            0.0782813
          0.00189391,            0.0784375
          0.00212213,            0.0785938
          0.00238289,              0.07875
          0.00268165,            0.0789063
          0.00302496,            0.0790625
          0.00342067,            0.0792188
          0.00387827,             0.079375
          0.00440927,            0.0795312
           0.0050277,            0.0796875
          0.00575077,            0.0798437
          0.00659968,                 0.08
          0.00760078,            0.0801563
          0.00878695,            0.0803125
           0.0101995,            0.0804688
           0.0118909,             0.080625
           0.0139281,            0.0807812
           0.0163974,            0.0809375
           0.0194107,            0.0810937
           0.0211657,            0.0811719
           0.0231153,              0.08125
           0.0252855,            0.0813281
           0.0277064,            0.0814063
           0.0304128,            0.0814844
           0.0334455,            0.0815625
           0.0368517,            0.0816406
           0.0406872,            0.0817188
           0.0450169,            0.0817969
           0.0499177,             0.081875
           0.0554803,            0.0819531
           0.0618118,            0.0820312
           0.0690397,            0.0821094
           0.0773155,            0.0821875
           0.0868195,            0.0822656
           0.0977673,            0.0823437
            0.110416,            0.0824219
            0.125072,               0.0825
            0.142099,            0.0825781
             0.16193,            0.0826563
            0.185071,            0.0827344
            0.212108,            0.0828125
            0.243707,            0.0828906
            0.280598,            0.0829688
            0.323539,            0.0830469
            0.373243,             0.083125
            0.430253,            0.0832031
            0.494741,            0.0832813
            0.566233,            0.0833594
            0.643275,            0.0834375
            0.723123,            0.0835156
            0.801615,            0.0835937
            0.873428,            0.0836719
            0.932849,              0.08375
            0.974957,            0.0838281
            0.996818,            0.0839063
            0.998148,            0.0839844
            0.981165,            0.0840625
            0.949759,            0.0841406
            0.908431,            0.0842188
            0.861414,            0.0842969
            0.812166,             0.084375
             0.71625,            0.0845313
            0.631695,            0.0846875
            0.561365,            0.0848437
            0.504465,                0.085
            0.459037,            0.0851563
            0.423022,            0.0853125
            0.394639,            0.0854688
            0.372455,             0.085625
            0.355359,            0.0857813
            0.342507,            0.0859375
            0.333265,            0.0860937
            0.327164,              0.08625
            0.323868,            0.0864063
            0.323142,            0.0865625
            0.328879,             0.086875
             0.34399,            0.0871875
            0.368997,               0.0875
            0.405208,            0.0878125
             0.45462,             0.088125
            0.519658,            0.0884375
            0.602403,              0.08875
            0.702651,            0.0890625
            0.757746,            0.0892188
            0.814077,             0.089375
            0.869044,            0.0895313
            0.919171,            0.0896875
            0.960352,            0.0898438
            0.988397,                 0.09
             0.99985,            0.0901563
             0.99284,            0.0903125
            0.967618,            0.0904688
            0.926522,             0.090625
             0.87338,            0.0907813
            0.812622,            0.0909375
            0.748449,            0.0910938
            0.684298,              0.09125
            0.565028,            0.0915625
            0.512264,            0.0917187
            0.464613,             0.091875
            0.421988,            0.0920313
            0.384094,            0.0921875
             0.35053,            0.0923438
            0.320856,               0.0925
            0.294637,            0.0926562
            0.271462,            0.0928125
            0.250954,            0.0929687
            0.232778,             0.093125
            0.202284,            0.0934375
            0.178046,              0.09375
            0.158618,            0.0940625
            0.142918,             0.094375
            0.130144,            0.0946875
             0.11969,                0.095
            0.111101,            0.0953125
            0.104031,             0.095625
           0.0982133,            0.0959375
           0.0934449,              0.09625
           0.0895677,            0.0965625
           0.0864596,             0.096875
           0.0840268,            0.0971875
           0.0821978,               0.0975
           0.0801532,             0.098125
           0.0800707,              0.09875
            0.081888,             0.099375
            0.085717,                  0.1
           0.0918588,             0.100625
           0.0959542,             0.100938
            0.100854,              0.10125
            0.106678,             0.101562
             0.11358,             0.101875
            0.121752,             0.102188
            0.131435,               0.1025
            0.142934,             0.102813
            0.156637,             0.103125
            0.173039,             0.103438
            0.192769,              0.10375
            0.216635,             0.104063
            0.245663,             0.104375
            0.281148,             0.104688
            0.324689,                0.105
            0.378171,             0.105313
            0.443618,             0.105625
             0.52275,             0.105938
            0.615984,              0.10625
            0.720617,             0.106563
            0.828318,             0.106875
            0.878696,             0.107031
            0.923452,             0.107188
            0.959892,             0.107344
            0.985544,               0.1075
            0.998552,             0.107656
            0.998013,             0.107813
            0.984146,             0.107969
            0.958235,             0.108125
            0.922378,             0.108281
             0.87911,             0.108438
            0.780514,              0.10875
            0.679586,             0.109063
            0.586652,             0.109375
            0.506012,             0.109687
            0.438277,                 0.11
            0.382314,             0.110313
            0.336404,             0.110625
            0.298806,             0.110937
            0.267981,              0.11125
            0.242653,             0.111563
            0.221792,             0.111875
            0.204586,             0.112187
            0.190395,               0.1125
             0.17872,             0.112813
            0.169175,             0.113125
            0.161459,             0.113437
            0.155346,              0.11375
            0.150667,             0.114063
            0.147303,             0.114375
            0.144256,                0.115
            0.144542,             0.115313
            0.146083,             0.115625
            0.148971,             0.115937
            0.153356,              0.11625
            0.159457,             0.116563
            0.167585,             0.116875
            0.178175,             0.117188
            0.191835,               0.1175
            0.209417,             0.117813
            0.232126,             0.118125
            0.245916,             0.118281
            0.261686,             0.118438
            0.279771,             0.118594
            0.300572,              0.11875
            0.324571,             0.118906
            0.352335,             0.119063
            0.384529,             0.119219
            0.421909,             0.119375
            0.465295,             0.119531
            0.515504,             0.119688
            0.573191,             0.119844
            0.638567,                 0.12
            0.710905,             0.120156
            0.787811,             0.120313
            0.864348,             0.120469
            0.932422,             0.120625
             0.98128,             0.120781
            0.999992,             0.120938
            0.981686,             0.121094
            0.927184,              0.12125
            0.845105,             0.121406
            0.748123,             0.121562
            0.648251,             0.121719
            0.553981,             0.121875
            0.469849,             0.122031
            0.397364,             0.122188
            0.336218,             0.122344
            0.285233,               0.1225
            0.242941,             0.122656
              0.2079,             0.122812
            0.178821,             0.122969
            0.154611,             0.123125
            0.134369,             0.123281
            0.117363,             0.123438
            0.103004,             0.123594
           0.0908159,              0.12375
           0.0804184,             0.123906
           0.0715037,             0.124062
           0.0638234,             0.124219
           0.0571759,             0.124375
           0.0513968,             0.124531
           0.0463513,             0.124688
           0.0419286,             0.124844
            0.038037,                0.125
           0.0346004,             0.125156
           0.0315551,             0.125312
           0.0288478,             0.125469
           0.0264334,             0.125625
            0.024274,             0.125781
           0.0223372,             0.125937
           0.0190251,              0.12625
           0.0163204,             0.126563
           0.0140917,             0.126875
           0.0122401,             0.127188
           0.0106902,               0.1275
          0.00938378,             0.127812
          0.00827558,             0.128125
          0.00732999,             0.128437
          0.00651871,              0.12875
          0.00581914,             0.129063
          0.00521303,             0.129375
          0.00468556,             0.129688
          0.00422463,                 0.13
          0.00382026,             0.130312
          0.00346422,             0.130625
          0.00314965,             0.130937
           0.0028708,              0.13125
          0.00262286,             0.131563
          0.00240176,             0.131875
          0.00220403,             0.132188
          0.00202674,               0.1325
          0.00172379,             0.133125
          0.00147673,              0.13375
          0.00127352,             0.134375
          0.00110505,                0.135
         0.000964352,             0.135625
         0.000846061,              0.13625
         0.000745984,             0.136875
         0.000660821,               0.1375
         0.000587954,             0.138125
         0.000525289,              0.13875
          0.00047114,             0.139375
         0.000424137,                 0.14
         0.000383166,             0.140625
         0.000347307,              0.14125
         0.000315804,             0.141875
         0.000288029,               0.1425
         0.000263456,             0.143125
         0.000241645,              0.14375
         0.000222227,             0.144375
         0.000204888,                0.145
         0.000189361,             0.145625
         0.000175421,              0.14625
         0.000151549,               0.1475
         0.000132023,              0.14875
          0.00011591,                 0.15
         0.000102506,              0.15125
         9.12709e-05,               0.1525
         8.17891e-05,              0.15375
         7.37356e-05,                0.155
          6.6855e-05,              0.15625
         6.09442e-05,               0.1575
         5.58411e-05,              0.15875
         5.14147e-05,                 0.16
         4.75591e-05,              0.16125
         4.41875e-05,               0.1625
         4.12287e-05,              0.16375
         3.86238e-05,                0.165
         3.42884e-05,               0.1675
         3.08783e-05,                 0.17
         2.81788e-05,               0.1725
         2.60351e-05,                0.175
         2.43344e-05,               0.1775
         2.29933e-05,                 0.18
         2.19499e-05,               0.1825
         2.11583e-05,                0.185
         2.05841e-05,               0.1875
         2.02023e-05,                 0.19
         1.99948e-05,               0.1925
         1.99495e-05,                0.195
          2.0321e-05,                  0.2
         2.13077e-05,                0.205
         2.29614e-05,                 0.21
         2.40716e-05,               0.2125
         2.53971e-05,                0.215
         2.69643e-05,               0.2175
         2.88059e-05,                 0.22
         3.09621e-05,               0.2225
         3.34819e-05,                0.225
         3.64254e-05,               0.2275
         3.98658e-05,                 0.23
         4.38933e-05,               0.2325
         4.86181e-05,                0.235
         5.41766e-05,               0.2375
         6.07374e-05,                 0.24
         6.85105e-05,               0.2425
         7.77584e-05,                0.245
         8.88111e-05,               0.2475
         0.000102086,                 0.25
         0.000118116,               0.2525
         0.000137581,                0.255
         0.000161362,               0.2575
         0.000190602,                 0.26
         0.000207721,              0.26125
         0.000226802,               0.2625
         0.000248109,              0.26375
         0.000271946,                0.265
         0.000298667,              0.26625
         0.000328682,               0.2675
         0.000362467,              0.26875
         0.000400579,                 0.27
         0.000443669,              0.27125
         0.000492499,               0.2725
         0.000547969,              0.27375
         0.000611138,                0.275
         0.000683262,              0.27625
         0.000765833,               0.2775
         0.000860629,              0.27875
         0.000969778,                 0.28
          0.00109584,              0.28125
          0.00124188,               0.2825
          0.00141165,              0.28375
          0.00160969,                0.285
          0.00184152,              0.28625
          0.00211397,               0.2875
          0.00243543,              0.28875
          0.00281632,                 0.29
          0.00326964,              0.29125
          0.00381168,               0.2925
          0.00446305,              0.29375
           0.0052499,                0.295
          0.00620574,              0.29625
          0.00737376,               0.2975
          0.00805426,             0.298125
          0.00881009,              0.29875
          0.00965103,             0.299375
           0.0105883,                  0.3
           0.0116348,             0.300625
           0.0128056,              0.30125
           0.0141178,             0.301875
           0.0155917,               0.3025
           0.0172504,             0.303125
           0.0191212,              0.30375
            0.021236,             0.304375
           0.0236319,                0.305
           0.0263528,             0.305625
           0.0294502,              0.30625
            0.032985,             0.306875
           0.0370292,               0.3075
           0.0416684,             0.308125
           0.0470039,              0.30875
           0.0531567,             0.309375
           0.0602709,                 0.31
           0.0685182,             0.310625
           0.0781037,              0.31125
           0.0892716,             0.311875
            0.102312,               0.3125
            0.117569,             0.313125
            0.135445,              0.31375
             0.15641,             0.314375
               0.181,                0.315
            0.209815,             0.315625
            0.243498,              0.31625
            0.282705,             0.316875
            0.328034,               0.3175
            0.379929,             0.318125
             0.43853,              0.31875
            0.503486,             0.319375
            0.573753,                 0.32
            0.647431,             0.320625
            0.721725,              0.32125
            0.793125,             0.321875
             0.85783,               0.3225
            0.912375,             0.323125
            0.954255,              0.32375
            0.982347,             0.324375
            0.996979,                0.325
            0.999667,             0.325625
            0.992659,              0.32625
            0.978459,             0.326875
             0.95946,               0.3275
            0.914905,              0.32875
             0.87058,                 0.33
            0.832474,              0.33125
            0.802992,               0.3325
            0.771235,                0.335
            0.772464,               0.3375
            0.801102,                 0.34
            0.850467,               0.3425
            0.910625,                0.345
            0.966208,               0.3475
            0.997822,                 0.35
            0.989706,               0.3525
            0.939355,                0.355
               0.859,               0.3575
            0.766915,                 0.36
            0.677968,               0.3625
            0.600257,                0.365
            0.536455,               0.3675
            0.486255,                 0.37
            0.448184,               0.3725
            0.420567,                0.375
            0.401949,               0.3775
            0.391232,                 0.38
            0.387692,               0.3825
            0.390956,                0.385
            0.400973,               0.3875
            0.417982,                 0.39
            0.442486,               0.3925
             0.47519,                0.395
            0.516904,               0.3975
            0.568334,                  0.4
            0.629701,               0.4025
            0.700116,                0.405
            0.776726,               0.4075
            0.853884,                 0.41
            0.923003,               0.4125
             0.97399,                0.415
            0.998466,               0.4175
            0.993304,                 0.42
             0.96197,               0.4225
            0.912636,                0.425
            0.854709,               0.4275
            0.796083,                 0.43
            0.742088,               0.4325
            0.695707,                0.435
            0.658287,               0.4375
            0.630246,                 0.44
            0.611593,               0.4425
            0.602265,                0.445
            0.602318,               0.4475
            0.612033,                 0.45
            0.631946,               0.4525
            0.662785,                0.455
            0.705254,               0.4575
            0.759493,                 0.46
            0.823972,               0.4625
            0.893558,                0.465
            0.927052,              0.46625
             0.95703,               0.4675
            0.980954,              0.46875
            0.996057,                 0.47
            0.999701,              0.47125
            0.989856,               0.4725
            0.965581,              0.47375
            0.927338,                0.475
            0.877002,              0.47625
            0.817532,               0.4775
            0.752417,              0.47875
            0.685095,                 0.48
            0.618505,              0.48125
             0.55486,               0.4825
            0.495609,              0.48375
            0.441534,                0.485
            0.392904,              0.48625
             0.34963,               0.4875
            0.311404,              0.48875
            0.277799,                 0.49
             0.24834,              0.49125
            0.222551,               0.4925
             0.19998,              0.49375
            0.180212,                0.495
            0.162879,              0.49625
            0.147654,               0.4975
            0.134254,              0.49875
            0.122433,                  0.5
            0.111981,              0.50125
            0.102715,               0.5025
           0.0944813,              0.50375
            0.087145,                0.505
           0.0805922,              0.50625
           0.0747246,               0.5075
           0.0647191,                 0.51
           0.0565828,               0.5125
            0.049908,                0.515
           0.0443872,               0.5175
           0.0397861,                 0.52
           0.0359251,               0.5225
           0.0326647,                0.525
           0.0298959,               0.5275
           0.0275329,                 0.53
           0.0255073,               0.5325
           0.0237646,                0.535
           0.0222608,               0.5375
           0.0209601,                 0.54
           0.0198335,               0.5425
           0.0188571,                0.545
           0.0172798,                 0.55
           0.0161086,                0.555
           0.0152612,                 0.56
           0.0146812,                0.565
           0.0143307,                 0.57
           0.0141858,                0.575
           0.0142334,                 0.58
           0.0144697,                0.585
           0.0148997,                 0.59
           0.0155366,                0.595
           0.0164032,                  0.6

