------------------------------------------------------------
 Transmission Coefficient on refined energy grid using transfer matrices
------------------------------------------------------------
Transmission Coefficient, Energy (eV)
         2.65614e-21,                0.005
         3.03431e-21,            0.0053125
         3.45486e-21,             0.005625
         3.92215e-21,            0.0059375
         4.44099e-21,              0.00625
         5.01666e-21,            0.0065625
         5.65499e-21,             0.006875
         6.36236e-21,            0.0071875
          7.1458e-21,               0.0075
         8.01304e-21,            0.0078125
         8.97259e-21,             0.008125
         1.00338e-20,            0.0084375
         1.12069e-20,              0.00875
         1.25032e-20,            0.0090625
         1.39352e-20,             0.009375
         1.55165e-20,            0.0096875
          1.7262e-20,                 0.01
         1.91884e-20,            0.0103125
         2.13137e-20,             0.010625
          2.3658e-20,            0.0109375
          2.6243e-20,              0.01125
         2.90931e-20,            0.0115625
         3.22346e-20,             0.011875
         3.95118e-20,               0.0125
         4.83446e-20,             0.013125
         5.90597e-20,              0.01375
         7.20526e-20,             0.014375
         8.78016e-20,                0.015
         1.06886e-19,             0.015625
         1.30009e-19,              0.01625
         1.58019e-19,             0.016875
         1.91948e-19,               0.0175
         2.33048e-19,             0.018125
         2.82836e-19,              0.01875
         3.43155e-19,             0.019375
         4.16244e-19,                 0.02
         5.04825e-19,             0.020625
         6.12209e-19,              0.02125
         7.42427e-19,             0.021875
         9.00387e-19,               0.0225
         1.09207e-18,             0.023125
         1.32478e-18,              0.02375
         1.60742e-18,             0.024375
         1.95088e-18,                0.025
         2.36845e-18,             0.025625
         2.87643e-18,              0.02625
         3.49475e-18,             0.026875
         4.24785e-18,               0.0275
         5.16573e-18,             0.028125
         6.28521e-18,              0.02875
         7.65158e-18,             0.029375
         9.32054e-18,                 0.03
         1.13607e-17,             0.030625
         1.25457e-17,            0.0309375
         1.38567e-17,              0.03125
         1.53074e-17,            0.0315625
          1.6913e-17,             0.031875
         1.86905e-17,            0.0321875
         2.06587e-17,               0.0325
         2.28386e-17,            0.0328125
         2.52535e-17,             0.033125
         2.79293e-17,            0.0334375
         3.08951e-17,              0.03375
          3.4183e-17,            0.0340625
         3.78289e-17,             0.034375
         4.18729e-17,            0.0346875
         4.63596e-17,                0.035
         5.13387e-17,            0.0353125
         5.68657e-17,             0.035625
         6.30027e-17,            0.0359375
         6.98188e-17,              0.03625
         7.73912e-17,            0.0365625
         8.58063e-17,             0.036875
         9.51605e-17,            0.0371875
         1.05562e-16,               0.0375
          1.1713e-16,            0.0378125
         1.30002e-16,             0.038125
         1.44327e-16,            0.0384375
         1.60274e-16,              0.03875
         1.78033e-16,            0.0390625
         1.97817e-16,             0.039375
         2.19862e-16,            0.0396875
         2.44436e-16,                 0.04
         2.71838e-16,            0.0403125
         3.02402e-16,             0.040625
         3.36507e-16,            0.0409375
         3.74575e-16,              0.04125
         4.17082e-16,            0.0415625
         4.64562e-16,             0.041875
         5.17616e-16,            0.0421875
          5.7692e-16,               0.0425
         6.43234e-16,            0.0428125
         7.17416e-16,             0.043125
         8.00431e-16,            0.0434375
         8.93365e-16,              0.04375
         9.97445e-16,            0.0440625
         1.11405e-15,             0.044375
         1.24475e-15,            0.0446875
          1.3913e-15,                0.045
         1.55569e-15,            0.0453125
         1.74018e-15,             0.045625
         1.94729e-15,            0.0459375
         2.17992e-15,              0.04625
         2.44132e-15,            0.0465625
         2.73517e-15,             0.046875
         3.06566e-15,            0.0471875
         3.43751e-15,               0.0475
         3.85611e-15,            0.0478125
         4.32754e-15,             0.048125
         4.85873e-15,            0.0484375
         5.45754e-15,              0.04875
         6.13291e-15,            0.0490625
           6.895e-15,             0.049375
         7.75537e-15,            0.0496875
         8.72721e-15,                 0.05
         9.82551e-15,            0.0503125
         1.10674e-14,             0.050625
         1.24723e-14,            0.0509375
         1.40627e-14,              0.05125
         1.58638e-14,            0.0515625
         1.79048e-14,             0.051875
         2.02189e-14,            0.0521875
         2.28441e-14,               0.0525
         2.58242e-14,            0.0528125
         2.92088e-14,             0.053125
         3.30554e-14,            0.0534375
         3.74296e-14,              0.05375
         4.24068e-14,            0.0540625
         4.80738e-14,             0.054375
         5.45301e-14,            0.0546875
         6.18905e-14,                0.055
         7.02871e-14,            0.0553125
         7.98721e-14,             0.055625
         9.08212e-14,            0.0559375
         1.03337e-13,              0.05625
         1.17654e-13,            0.0565625
         1.34042e-13,             0.056875
         1.52816e-13,            0.0571875
         1.74337e-13,               0.0575
         1.99026e-13,            0.0578125
         2.27372e-13,             0.058125
         2.59941e-13,            0.0584375
         2.97391e-13,              0.05875
         3.40488e-13,            0.0590625
         3.90124e-13,             0.059375
         4.47338e-13,            0.0596875
         5.13343e-13,                 0.06
         5.89553e-13,            0.0603125
         6.77624e-13,             0.060625
         7.79492e-13,            0.0609375
         8.97423e-13,              0.06125
         1.03408e-12,            0.0615625
         1.19257e-12,             0.061875
         1.37658e-12,            0.0621875
         1.59041e-12,               0.0625
         1.83913e-12,            0.0628125
         2.12875e-12,             0.063125
         2.46633e-12,            0.0634375
         2.86021e-12,              0.06375
         3.32029e-12,            0.0640625
         3.85828e-12,             0.064375
         4.48806e-12,            0.0646875
         5.22615e-12,                0.065
         6.09216e-12,            0.0653125
         7.10947e-12,             0.065625
         8.30597e-12,            0.0659375
         9.71494e-12,              0.06625
         1.13762e-11,            0.0665625
         1.33375e-11,             0.066875
         1.56561e-11,            0.0671875
         1.84007e-11,               0.0675
         2.16541e-11,            0.0678125
          2.5516e-11,             0.068125
         3.01071e-11,            0.0684375
         3.55729e-11,              0.06875
           4.209e-11,            0.0690625
         4.98728e-11,             0.069375
         5.91819e-11,            0.0696875
         7.03348e-11,                 0.07
         8.37192e-11,            0.0703125
         9.98091e-11,             0.070625
         1.19186e-10,            0.0709375
         1.42563e-10,              0.07125
         1.70819e-10,            0.0715625
         2.05039e-10,             0.071875
         2.46562e-10,            0.0721875
         2.97049e-10,               0.0725
         3.58565e-10,            0.0728125
         4.33681e-10,             0.073125
         5.25607e-10,            0.0734375
         5.79092e-10,            0.0735938
         6.38363e-10,              0.07375
         7.04082e-10,            0.0739063
         7.76996e-10,            0.0740625
         8.57942e-10,            0.0742188
         9.47863e-10,             0.074375
         1.04781e-09,            0.0745313
         1.15899e-09,            0.0746875
         1.28273e-09,            0.0748438
         1.42055e-09,                0.075
         1.57414e-09,            0.0751563
         1.74545e-09,            0.0753125
         1.93664e-09,            0.0754688
         2.15018e-09,             0.075625
         2.38886e-09,            0.0757813
         2.65582e-09,            0.0759375
         2.95465e-09,            0.0760938
         3.28942e-09,              0.07625
         3.66474e-09,            0.0764063
         4.08585e-09,            0.0765625
         4.55875e-09,            0.0767188
         5.09023e-09,             0.076875
         5.68806e-09,            0.0770313
         6.36112e-09,            0.0771875
         7.11955e-09,            0.0773438
         7.97493e-09,               0.0775
         8.94057e-09,            0.0776563
         1.00317e-08,            0.0778125
         1.12659e-08,            0.0779688
         1.26631e-08,             0.078125
         1.42467e-08,            0.0782813
         1.60432e-08,            0.0784375
         1.80836e-08,            0.0785938
         2.04033e-08,              0.07875
         2.30435e-08,            0.0789063
         2.60521e-08,            0.0790625
         2.94842e-08,            0.0792188
         3.34044e-08,             0.079375
         3.78874e-08,            0.0795312
         4.30205e-08,            0.0796875
         4.89056e-08,            0.0798437
         5.56617e-08,                 0.08
         6.34284e-08,            0.0801563
         7.23693e-08,            0.0803125
         8.26768e-08,            0.0804688
         9.45774e-08,             0.080625
         1.08338e-07,            0.0807812
         1.24275e-07,            0.0809375
         1.42763e-07,            0.0810937
         1.64244e-07,              0.08125
         1.89248e-07,            0.0814063
         2.18403e-07,            0.0815625
         2.52462e-07,            0.0817188
         2.92325e-07,             0.081875
         3.39074e-07,            0.0820312
         3.94011e-07,            0.0821875
         4.58705e-07,            0.0823437
          5.3506e-07,               0.0825
         6.25381e-07,            0.0826563
         7.32479e-07,            0.0828125
         8.59785e-07,            0.0829688
          1.0115e-06,             0.083125
          1.1928e-06,            0.0832813
         1.41005e-06,            0.0834375
         1.67116e-06,            0.0835937
         1.98595e-06,              0.08375
         2.36667e-06,            0.0839063
         2.82872e-06,            0.0840625
         3.39148e-06,            0.0842188
         4.07947e-06,             0.084375
         4.47988e-06,            0.0844531
         4.92394e-06,            0.0845313
         5.41694e-06,            0.0846094
         5.96486e-06,            0.0846875
         6.57451e-06,            0.0847656
         7.25366e-06,            0.0848437
         8.01114e-06,            0.0849219
         8.85703e-06,                0.085
         9.80286e-06,            0.0850781
         1.08619e-05,            0.0851563
         1.20492e-05,            0.0852344
         1.33824e-05,            0.0853125
         1.48814e-05,            0.0853906
         1.65696e-05,            0.0854688
         1.84739e-05,            0.0855469
         2.06255e-05,             0.085625
         2.30606e-05,            0.0857031
         2.58215e-05,            0.0857813
         2.89579e-05,            0.0858594
         3.25275e-05,            0.0859375
         3.65987e-05,            0.0860156
         4.12517e-05,            0.0860937
         4.65815e-05,            0.0861719
         5.27011e-05,              0.08625
         5.97446e-05,            0.0863281
         6.78726e-05,            0.0864063
         7.72777e-05,            0.0864844
         8.81919e-05,            0.0865625
         0.000100896,            0.0866406
         0.000115731,            0.0867188
         0.000133114,            0.0867969
         0.000153558,             0.086875
         0.000177694,            0.0869531
         0.000206308,            0.0870313
         0.000240383,            0.0871094
         0.000281156,            0.0871875
         0.000330198,            0.0872656
         0.000389516,            0.0873437
         0.000461702,            0.0874219
         0.000503639,            0.0874609
         0.000550136,               0.0875
         0.000601784,            0.0875391
         0.000659267,            0.0875781
         0.000723376,            0.0876172
         0.000795028,            0.0876563
         0.000875294,            0.0876953
         0.000965428,            0.0877344
           0.0010669,            0.0877734
          0.00118144,            0.0878125
          0.00131111,            0.0878516
          0.00145835,            0.0878906
          0.00162608,            0.0879297
          0.00181783,            0.0879688
          0.00203783,            0.0880078
          0.00229126,            0.0880469
          0.00258444,            0.0880859
          0.00292519,             0.088125
          0.00332318,            0.0881641
          0.00379058,            0.0882031
          0.00434271,            0.0882422
          0.00499917,            0.0882813
          0.00578519,            0.0883203
          0.00673374,            0.0883594
          0.00788834,            0.0883984
          0.00856042,             0.088418
          0.00930737,            0.0884375
           0.0101398,             0.088457
           0.0110703,            0.0884766
           0.0121136,            0.0884961
           0.0132872,            0.0885156
           0.0146123,            0.0885352
           0.0161139,            0.0885547
           0.0178225,            0.0885742
           0.0197753,            0.0885937
           0.0220175,            0.0886133
            0.024605,            0.0886328
           0.0276075,            0.0886523
           0.0311122,            0.0886719
           0.0352293,            0.0886914
           0.0400997,            0.0887109
           0.0459052,            0.0887305
           0.0528828,              0.08875
           0.0613454,            0.0887695
            0.071711,            0.0887891
           0.0777767,            0.0887988
           0.0845446,            0.0888086
           0.0921184,            0.0888184
             0.10062,            0.0888281
            0.110194,            0.0888379
            0.121011,            0.0888477
            0.133272,            0.0888574
            0.147218,            0.0888672
            0.163134,             0.088877
            0.181358,            0.0888867
            0.202289,            0.0888965
            0.226398,            0.0889063
            0.254232,             0.088916
            0.286416,            0.0889258
            0.323646,            0.0889355
            0.366662,            0.0889453
            0.416182,            0.0889551
            0.472795,            0.0889648
            0.536757,            0.0889746
            0.607699,            0.0889844
             0.68422,            0.0889941
            0.763435,            0.0890039
            0.840653,            0.0890137
            0.909475,            0.0890234
            0.962641,            0.0890332
            0.993658,             0.089043
            0.998717,            0.0890527
            0.977933,            0.0890625
            0.935198,            0.0890723
            0.876768,             0.089082
            0.809419,            0.0890918
            0.739033,            0.0891016
             0.66993,            0.0891113
            0.604838,            0.0891211
             0.54519,            0.0891309
            0.491508,            0.0891406
            0.443745,            0.0891504
            0.401539,            0.0891602
            0.364375,            0.0891699
            0.331694,            0.0891797
            0.302947,            0.0891895
            0.277627,            0.0891992
            0.255279,             0.089209
            0.235504,            0.0892188
            0.217955,            0.0892285
            0.202336,            0.0892383
              0.1759,            0.0892578
            0.154567,            0.0892773
            0.137146,            0.0892969
            0.122758,            0.0893164
             0.11075,            0.0893359
            0.100633,            0.0893555
           0.0920335,             0.089375
            0.084665,            0.0893945
           0.0783049,            0.0894141
           0.0727783,            0.0894336
           0.0679464,            0.0894531
           0.0636982,            0.0894727
            0.059944,            0.0894922
           0.0536384,            0.0895313
           0.0485867,            0.0895703
           0.0444828,            0.0896094
           0.0411098,            0.0896484
           0.0383107,            0.0896875
           0.0359694,            0.0897266
           0.0339988,            0.0897656
           0.0323326,            0.0898047
           0.0309193,            0.0898438
           0.0286992,            0.0899219
           0.0271072,                 0.09
           0.0259946,            0.0900781
           0.0252635,            0.0901563
           0.0248495,            0.0902344
           0.0247105,            0.0903125
           0.0248205,            0.0903906
           0.0251656,            0.0904688
            0.025742,            0.0905469
           0.0265544,             0.090625
           0.0276161,            0.0907031
           0.0289485,            0.0907813
           0.0305828,            0.0908594
            0.032561,            0.0909375
           0.0349383,            0.0910156
           0.0377867,            0.0910938
           0.0411995,            0.0911719
           0.0452982,              0.09125
           0.0502417,            0.0913281
           0.0562395,            0.0914062
           0.0635713,            0.0914844
           0.0726146,            0.0915625
           0.0779325,            0.0916016
           0.0838858,            0.0916406
           0.0905709,            0.0916797
            0.098102,            0.0917187
            0.106615,            0.0917578
            0.116273,            0.0917969
            0.127269,            0.0918359
            0.139839,             0.091875
            0.154264,            0.0919141
            0.170884,            0.0919531
            0.190107,            0.0919922
            0.212426,            0.0920313
            0.238428,            0.0920703
            0.268805,            0.0921094
             0.30436,            0.0921484
            0.345986,            0.0921875
            0.394626,            0.0922266
            0.451156,            0.0922656
            0.516176,            0.0923047
             0.58965,            0.0923438
            0.670365,            0.0923828
            0.755252,            0.0924219
            0.838794,            0.0924609
            0.913005,               0.0925
             0.96855,            0.0925391
            0.997198,            0.0925781
            0.994723,            0.0926172
            0.962544,            0.0926562
            0.906991,            0.0926953
            0.836766,            0.0927344
             0.76026,            0.0927734
            0.683931,            0.0928125
            0.611904,            0.0928516
            0.546324,            0.0928906
            0.487951,            0.0929297
            0.436706,            0.0929687
            0.392069,            0.0930078
            0.353332,            0.0930469
            0.319751,            0.0930859
            0.290616,             0.093125
            0.265287,            0.0931641
            0.243207,            0.0932031
            0.223897,            0.0932422
            0.206951,            0.0932813
            0.192026,            0.0933203
            0.178834,            0.0933594
            0.156719,            0.0934375
             0.13909,            0.0935156
            0.124864,            0.0935938
            0.113258,            0.0936719
              0.1037,              0.09375
           0.0957648,            0.0938281
           0.0891326,            0.0939062
           0.0835601,            0.0939844
           0.0788601,            0.0940625
           0.0748869,            0.0941406
           0.0715264,            0.0942187
              0.0663,             0.094375
           0.0626567,            0.0945313
           0.0602605,            0.0946875
           0.0588982,            0.0948438
           0.0584403,                0.095
           0.0588195,            0.0951562
           0.0600187,            0.0953125
           0.0620661,            0.0954687
           0.0650356,             0.095625
           0.0690521,            0.0957813
           0.0743031,            0.0959375
            0.081057,            0.0960938
           0.0896923,              0.09625
            0.100742,            0.0964062
            0.107397,            0.0964844
            0.114961,            0.0965625
            0.123582,            0.0966406
            0.133434,            0.0967187
             0.14473,            0.0967969
            0.157729,             0.096875
            0.172743,            0.0969531
            0.190151,            0.0970313
            0.210415,            0.0971094
            0.234091,            0.0971875
            0.261848,            0.0972656
            0.294478,            0.0973438
            0.332896,            0.0974219
             0.37811,               0.0975
             0.43115,            0.0975781
            0.492894,            0.0976562
            0.563746,            0.0977344
            0.643111,            0.0978125
            0.728632,            0.0978906
            0.815365,            0.0979687
             0.89535,            0.0980469
            0.958336,             0.098125
            0.994271,            0.0982031
            0.996902,            0.0982813
            0.966454,            0.0983594
            0.909416,            0.0984375
            0.835639,            0.0985156
            0.754882,            0.0985938
            0.674631,            0.0986719
             0.59954,              0.09875
            0.531896,            0.0988281
            0.472374,            0.0989063
            0.420723,            0.0989844
            0.376237,            0.0990625
            0.338047,            0.0991406
            0.305279,            0.0992187
            0.277125,            0.0992969
            0.252878,             0.099375
             0.23193,            0.0994531
            0.213771,            0.0995313
            0.197973,            0.0996094
             0.18418,            0.0996875
            0.172097,            0.0997656
            0.161477,            0.0998438
             0.14384,                  0.1
            0.130001,             0.100156
            0.119063,             0.100312
            0.110385,             0.100469
            0.103506,             0.100625
           0.0980867,             0.100781
           0.0938797,             0.100938
           0.0907033,             0.101094
           0.0884258,              0.10125
           0.0869537,             0.101406
            0.086225,             0.101562
           0.0868768,             0.101875
           0.0882534,             0.102031
           0.0903645,             0.102188
           0.0932639,             0.102344
           0.0970323,               0.1025
            0.101781,             0.102656
            0.107658,             0.102813
            0.114859,             0.102969
            0.123642,             0.103125
            0.134342,             0.103281
            0.147396,             0.103438
            0.163385,             0.103594
            0.183072,              0.10375
             0.20747,             0.103906
            0.237924,             0.104063
            0.276202,             0.104219
            0.324585,             0.104375
            0.385875,             0.104531
            0.463148,             0.104688
            0.558841,             0.104844
            0.672491,                0.105
            0.734103,             0.105078
            0.796501,             0.105156
            0.856798,             0.105234
            0.911284,             0.105313
            0.955769,             0.105391
            0.986213,             0.105469
             0.99954,             0.105547
            0.994381,             0.105625
            0.971422,             0.105703
            0.933215,             0.105781
            0.883531,             0.105859
            0.826537,             0.105938
            0.766102,             0.106016
            0.705367,             0.106094
            0.591273,              0.10625
            0.493613,             0.106406
            0.413896,             0.106563
            0.350184,             0.106719
            0.299597,             0.106875
            0.259385,             0.107031
            0.227256,             0.107188
            0.201413,             0.107344
            0.180476,               0.1075
            0.163398,             0.107656
            0.149387,             0.107813
            0.137839,             0.107969
            0.128292,             0.108125
            0.120394,             0.108281
             0.11387,             0.108438
            0.108509,             0.108594
            0.104146,              0.10875
            0.100655,             0.108906
           0.0979389,             0.109063
           0.0945593,             0.109375
           0.0936521,             0.109687
           0.0951195,                 0.11
           0.0991003,             0.110313
            0.102147,             0.110469
            0.105997,             0.110625
            0.110757,             0.110781
            0.116562,             0.110937
             0.12359,             0.111094
            0.132067,              0.11125
            0.142286,             0.111406
            0.154625,             0.111563
            0.169575,             0.111719
            0.187779,             0.111875
            0.210078,             0.112031
            0.237577,             0.112187
            0.271723,             0.112344
            0.314386,               0.1125
            0.367905,             0.112656
            0.434997,             0.112813
            0.518304,             0.112969
            0.619094,             0.113125
            0.734458,             0.113281
            0.794469,             0.113359
            0.852884,             0.113437
             0.90635,             0.113516
            0.950967,             0.113594
            0.982804,             0.113672
            0.998623,              0.11375
            0.996616,             0.113828
             0.97687,             0.113906
            0.941357,             0.113984
            0.893443,             0.114063
            0.837143,             0.114141
            0.776391,             0.114219
            0.654098,             0.114375
            0.543579,             0.114531
            0.450952,             0.114687
            0.376148,             0.114844
             0.31667,                0.115
            0.269549,             0.115156
            0.232114,             0.115313
            0.202196,             0.115469
            0.178108,             0.115625
            0.158567,             0.115781
            0.142599,             0.115937
            0.129466,             0.116094
            0.118608,              0.11625
            0.109595,             0.116406
            0.102096,             0.116563
           0.0958574,             0.116719
           0.0906792,             0.116875
           0.0864077,             0.117031
           0.0829231,             0.117188
           0.0801334,             0.117344
            0.077969,               0.1175
           0.0753295,             0.117813
           0.0747864,             0.118125
           0.0763521,             0.118438
            0.077995,             0.118594
            0.080284,              0.11875
            0.083302,             0.118906
           0.0871619,             0.119063
           0.0920154,             0.119219
           0.0980655,             0.119375
            0.105585,             0.119531
            0.114945,             0.119688
            0.126652,             0.119844
             0.14141,                 0.12
            0.150229,             0.120078
            0.160212,             0.120156
             0.17155,             0.120234
            0.184475,             0.120313
            0.199264,             0.120391
            0.216255,             0.120469
            0.235854,             0.120547
            0.258553,             0.120625
            0.284943,             0.120703
            0.315726,             0.120781
            0.351722,             0.120859
            0.393856,             0.120938
            0.443108,             0.121016
            0.500391,             0.121094
             0.56631,             0.121172
            0.640717,              0.12125
            0.722022,             0.121328
            0.806284,             0.121406
            0.886413,             0.121484
            0.952215,             0.121562
            0.992244,             0.121641
            0.997631,             0.121719
            0.966114,             0.121797
             0.90333,             0.121875
            0.820237,             0.121953
            0.728685,             0.122031
            0.638072,             0.122109
             0.55422,             0.122188
            0.479837,             0.122266
            0.415538,             0.122344
            0.360781,             0.122422
            0.314504,               0.1225
            0.275507,             0.122578
            0.242638,             0.122656
            0.214873,             0.122734
             0.19134,             0.122812
            0.171311,             0.122891
            0.154188,             0.122969
            0.139482,             0.123047
            0.126793,             0.123125
            0.115796,             0.123203
            0.106224,             0.123281
           0.0978579,             0.123359
           0.0905178,             0.123438
           0.0840548,             0.123516
           0.0783454,             0.123594
           0.0687924,              0.12375
           0.0612193,             0.123906
           0.0551718,             0.124062
           0.0503229,             0.124219
           0.0464353,             0.124375
           0.0433355,             0.124531
           0.0408977,             0.124688
           0.0390323,             0.124844
           0.0376788,                0.125
           0.0368017,             0.125156
            0.036389,             0.125312
           0.0364527,             0.125469
           0.0370331,             0.125625
           0.0382068,             0.125781
            0.040101,             0.125937
           0.0413781,             0.126016
           0.0429201,             0.126094
           0.0447724,             0.126172
           0.0469927,              0.12625
           0.0496558,             0.126328
           0.0528597,             0.126406
           0.0567335,             0.126484
           0.0614514,             0.126563
           0.0672511,             0.126641
           0.0744644,             0.126719
           0.0835649,             0.126797
           0.0890275,             0.126836
           0.0952449,             0.126875
            0.102359,             0.126914
            0.110547,             0.126953
            0.120031,             0.126992
            0.131093,             0.127031
            0.144091,              0.12707
            0.159488,             0.127109
            0.177889,             0.127148
            0.200081,             0.127188
            0.227103,             0.127227
            0.260329,             0.127266
            0.301553,             0.127305
            0.353085,             0.127344
            0.417736,             0.127383
            0.498525,             0.127422
            0.597632,             0.127461
            0.713745,               0.1275
            0.775623,              0.12752
            0.837068,             0.127539
            0.894575,             0.127559
            0.943742,             0.127578
            0.979748,             0.127598
            0.998227,             0.127617
            0.996323,             0.127637
            0.973524,             0.127656
             0.93189,             0.127676
            0.875521,             0.127695
            0.809526,             0.127715
            0.738949,             0.127734
             0.66801,             0.127754
            0.599773,             0.127773
            0.536162,             0.127793
            0.478165,             0.127812
            0.426097,             0.127832
            0.379836,             0.127852
            0.339007,             0.127871
            0.303114,             0.127891
            0.271621,              0.12791
               0.244,              0.12793
            0.219762,             0.127949
            0.198463,             0.127969
            0.179712,             0.127988
            0.163167,             0.128008
            0.148532,             0.128027
            0.135555,             0.128047
            0.124015,             0.128066
            0.113726,             0.128086
            0.104529,             0.128105
           0.0962839,             0.128125
           0.0821987,             0.128164
           0.0707104,             0.128203
           0.0612517,             0.128242
           0.0533957,             0.128281
           0.0468178,              0.12832
           0.0412685,             0.128359
           0.0365545,             0.128398
           0.0325241,             0.128437
           0.0290579,             0.128477
           0.0260603,             0.128516
           0.0234547,             0.128555
            0.021179,             0.128594
           0.0191827,             0.128633
           0.0174243,             0.128672
           0.0158692,             0.128711
           0.0144892,              0.12875
           0.0132602,             0.128789
           0.0121623,             0.128828
           0.0111785,             0.128867
           0.0102945,             0.128906
          0.00877864,             0.128984
          0.00753611,             0.129063
          0.00650857,             0.129141
          0.00565199,             0.129219
          0.00493271,             0.129297
           0.0043247,             0.129375
          0.00380763,             0.129453
          0.00336543,             0.129531
          0.00298531,             0.129609
            0.002657,             0.129688
          0.00237218,             0.129766
          0.00212407,             0.129844
          0.00190712,             0.129922
          0.00171672,                 0.13
          0.00154907,             0.130078
          0.00140098,             0.130156
          0.00126979,             0.130234
          0.00115322,             0.130312
          0.00104939,             0.130391
         0.000956668,             0.130469
         0.000873665,             0.130547
         0.000799196,             0.130625
          0.00073224,             0.130703
         0.000671917,             0.130781
         0.000568212,             0.130937
         0.000483097,             0.131094
         0.000412769,              0.13125
           0.0003543,             0.131406
         0.000305413,             0.131563
         0.000264322,             0.131719
         0.000229612,             0.131875
          0.00020016,             0.132031
          0.00017506,             0.132188
         0.000153584,             0.132344
         0.000135138,               0.1325
         0.000119239,             0.132656
         0.000105489,             0.132812
         9.35585e-05,             0.132969
         8.31762e-05,             0.133125
         7.41149e-05,             0.133281
         6.61848e-05,             0.133437
         5.92267e-05,             0.133594
         5.31062e-05,              0.13375
         4.77095e-05,             0.133906
         4.29403e-05,             0.134063
         3.87163e-05,             0.134219
         3.49675e-05,             0.134375
         3.16335e-05,             0.134531
         2.86628e-05,             0.134688
         2.60108e-05,             0.134844
         2.36392e-05,                0.135
         2.15145e-05,             0.135156
         1.96078e-05,             0.135313
         1.78941e-05,             0.135469
         1.63514e-05,             0.135625
         1.37047e-05,             0.135937
         1.15411e-05,              0.13625
         9.76278e-06,             0.136563
         8.29364e-06,             0.136875
         7.07404e-06,             0.137188
         6.05696e-06,               0.1375
         5.20508e-06,             0.137813
         4.48861e-06,             0.138125
         3.88366e-06,             0.138437
         3.37096e-06,              0.13875
         2.93488e-06,             0.139063
          2.5627e-06,             0.139375
         2.24402e-06,             0.139688
         1.97028e-06,                 0.14
         1.73444e-06,             0.140313
         1.53067e-06,             0.140625
          1.3541e-06,             0.140937
          1.2007e-06,              0.14125
         1.06709e-06,             0.141563
         9.50408e-07,             0.141875
         8.48277e-07,             0.142188
          7.5867e-07,               0.1425
         6.79874e-07,             0.142813
         6.10434e-07,             0.143125
         5.49109e-07,             0.143437
          4.9484e-07,              0.14375
          4.4672e-07,             0.144063
          4.0397e-07,             0.144375
         3.65919e-07,             0.144688
         3.31989e-07,                0.145
         3.01681e-07,             0.145313
         2.74561e-07,             0.145625
         2.50253e-07,             0.145937
         2.28431e-07,              0.14625
         2.08809e-07,             0.146563
         1.91137e-07,             0.146875
         1.60803e-07,               0.1475
         1.35986e-07,             0.148125
         1.15569e-07,              0.14875
         9.86848e-08,             0.149375
         8.46506e-08,                 0.15
         7.29293e-08,             0.150625
         6.30945e-08,              0.15125
         5.48061e-08,             0.151875
         4.77913e-08,               0.1525
         4.18301e-08,             0.153125
         3.67446e-08,              0.15375
         3.23896e-08,             0.154375
         2.86468e-08,                0.155
         2.54189e-08,             0.155625
         2.26256e-08,              0.15625
         2.02006e-08,             0.156875
         1.80887e-08,               0.1575
         1.62439e-08,             0.158125
         1.46278e-08,              0.15875
          1.3208e-08,             0.159375
         1.19571e-08,                 0.16
         1.08523e-08,             0.160625
         9.87395e-09,              0.16125
         9.00541e-09,             0.161875
         8.23252e-09,               0.1625
         7.54314e-09,             0.163125
         6.92686e-09,              0.16375
         6.37473e-09,             0.164375
         5.87902e-09,                0.165
         5.03102e-09,              0.16625
         4.33933e-09,               0.1675
         3.77096e-09,              0.16875
         3.30067e-09,                 0.17
         2.90898e-09,              0.17125
         2.58075e-09,               0.1725
         2.30412e-09,              0.17375
         2.06971e-09,                0.175
          1.8701e-09,              0.17625
         1.69932e-09,               0.1775
         1.55259e-09,              0.17875
         1.42603e-09,                 0.18
         1.31648e-09,              0.18125
         1.22135e-09,               0.1825
         1.13853e-09,              0.18375
         1.06626e-09,                0.185
         1.00307e-09,              0.18625
         9.47763e-10,               0.1875
         8.56881e-10,                 0.19
         7.87293e-10,               0.1925
         7.34513e-10,                0.195
         6.95345e-10,               0.1975
         6.67512e-10,                  0.2
          6.4942e-10,               0.2025
         6.39991e-10,                0.205
         6.38561e-10,               0.2075
         6.44804e-10,                 0.21
           6.587e-10,               0.2125
         6.80509e-10,                0.215
         7.10783e-10,               0.2175
         7.50376e-10,                 0.22
         8.00494e-10,               0.2225
         8.62745e-10,                0.225
         9.39235e-10,               0.2275
         1.03268e-09,                 0.23
         1.14657e-09,               0.2325
         1.28537e-09,                0.235
         1.45485e-09,               0.2375
         1.66242e-09,                 0.24
         1.91769e-09,               0.2425
         2.23319e-09,                0.245
         2.41847e-09,              0.24625
         2.62533e-09,               0.2475
         2.85666e-09,              0.24875
         3.11578e-09,                 0.25
         3.40651e-09,              0.25125
         3.73331e-09,               0.2525
         4.10131e-09,              0.25375
         4.51649e-09,                0.255
          4.9858e-09,              0.25625
         5.51736e-09,               0.2575
         6.12064e-09,              0.25875
         6.80675e-09,                 0.26
         7.58873e-09,              0.26125
         8.48193e-09,               0.2625
         9.50444e-09,              0.26375
         1.06777e-08,                0.265
          1.2027e-08,              0.26625
         1.35825e-08,               0.2675
         1.53802e-08,              0.26875
         1.74629e-08,                 0.27
         1.98821e-08,              0.27125
         2.26994e-08,               0.2725
         2.59892e-08,              0.27375
         2.98414e-08,                0.275
         3.43648e-08,              0.27625
         3.96917e-08,               0.2775
         4.59836e-08,              0.27875
         5.34378e-08,                 0.28
         6.22967e-08,              0.28125
         7.28591e-08,               0.2825
         8.54942e-08,              0.28375
          1.0066e-07,                0.285
         1.18928e-07,              0.28625
         1.41013e-07,               0.2875
         1.67811e-07,              0.28875
         2.00454e-07,                 0.29
         2.40378e-07,              0.29125
         2.63622e-07,             0.291875
         2.89408e-07,               0.2925
         3.18044e-07,             0.293125
          3.4988e-07,              0.29375
         3.85314e-07,             0.294375
         4.24799e-07,                0.295
         4.68848e-07,             0.295625
         5.18048e-07,              0.29625
         5.73068e-07,             0.296875
         6.34674e-07,               0.2975
         7.03741e-07,             0.298125
         7.81275e-07,              0.29875
          8.6843e-07,             0.299375
         9.66531e-07,                  0.3
         1.07711e-06,             0.300625
         1.20193e-06,              0.30125
         1.34303e-06,             0.301875
         1.50278e-06,               0.3025
         1.68392e-06,             0.303125
         1.88963e-06,              0.30375
         2.12364e-06,             0.304375
         2.39027e-06,                0.305
         2.69459e-06,             0.305625
         3.04256e-06,              0.30625
         3.44115e-06,             0.306875
         3.89858e-06,               0.3075
         4.42455e-06,             0.308125
         5.03055e-06,              0.30875
         5.73017e-06,             0.309375
         6.53962e-06,                 0.31
          7.4782e-06,             0.310625
         8.56898e-06,              0.31125
         9.83966e-06,             0.311875
         1.13235e-05,               0.3125
         1.30608e-05,             0.313125
         1.51002e-05,              0.31375
         1.75007e-05,             0.314375
         2.03346e-05,                0.315
         2.36902e-05,             0.315625
          2.7676e-05,              0.31625
         3.24259e-05,             0.316875
         3.81061e-05,               0.3175
         4.49234e-05,             0.318125
          5.3137e-05,              0.31875
         6.30726e-05,             0.319375
         7.51428e-05,                 0.32
         8.98724e-05,             0.320625
         9.84376e-05,             0.320938
         0.000107934,              0.32125
         0.000118476,             0.321563
         0.000130194,             0.321875
         0.000143239,             0.322188
          0.00015778,               0.3225
         0.000174013,             0.322813
         0.000192165,             0.323125
         0.000212492,             0.323437
         0.000235295,              0.32375
         0.000260918,             0.324062
         0.000289762,             0.324375
         0.000322294,             0.324688
         0.000359054,                0.325
         0.000400679,             0.325313
         0.000447911,             0.325625
         0.000501626,             0.325938
         0.000562855,              0.32625
         0.000632822,             0.326563
         0.000712978,             0.326875
         0.000805058,             0.327188
         0.000911135,               0.3275
          0.00103371,             0.327813
           0.0011758,             0.328125
          0.00134106,             0.328437
          0.00153399,              0.32875
          0.00176005,             0.329062
          0.00202605,             0.329375
          0.00234039,             0.329688
          0.00271363,                 0.33
          0.00315903,             0.330313
          0.00369347,             0.330625
          0.00433855,             0.330938
           0.0051222,              0.33125
          0.00608087,             0.331563
          0.00664032,             0.331719
          0.00726272,             0.331875
          0.00795664,             0.332031
          0.00873205,             0.332188
          0.00960061,             0.332344
            0.010576,               0.3325
           0.0116741,             0.332656
            0.012914,             0.332813
           0.0143181,             0.332969
           0.0159132,             0.333125
           0.0177312,             0.333281
           0.0198107,             0.333437
           0.0221982,             0.333594
           0.0249502,              0.33375
            0.028136,             0.333906
           0.0318407,             0.334062
           0.0361697,             0.334219
           0.0412543,             0.334375
           0.0472594,             0.334531
           0.0543932,             0.334688
            0.062921,             0.334844
           0.0731824,                0.335
           0.0856159,             0.335156
             0.10079,             0.335313
            0.119447,             0.335469
            0.130374,             0.335547
            0.142556,             0.335625
             0.15616,             0.335703
            0.171377,             0.335781
            0.188423,             0.335859
             0.20754,             0.335938
               0.229,             0.336016
            0.253099,             0.336094
            0.280161,             0.336172
            0.310523,              0.33625
            0.344527,             0.336328
            0.382494,             0.336406
             0.42469,             0.336484
            0.471274,             0.336563
            0.577277,             0.336719
            0.696565,             0.336875
            0.817877,             0.337031
            0.873461,             0.337109
            0.921837,             0.337188
            0.960207,             0.337266
            0.986323,             0.337344
            0.998865,             0.337422
            0.997646,               0.3375
            0.983601,             0.337578
            0.958549,             0.337656
            0.924836,             0.337734
            0.884966,             0.337813
            0.795847,             0.337969
            0.705601,             0.338125
            0.622311,             0.338281
            0.549218,             0.338438
            0.486766,             0.338594
             0.43409,              0.33875
            0.389874,             0.338906
            0.352765,             0.339062
            0.321542,             0.339219
            0.295166,             0.339375
            0.272784,             0.339531
            0.253699,             0.339688
             0.23735,             0.339844
            0.223285,                 0.34
            0.211139,             0.340156
            0.200614,             0.340313
            0.183509,             0.340625
            0.170521,             0.340938
             0.16066,              0.34125
            0.153245,             0.341563
            0.147794,             0.341875
            0.143968,             0.342188
            0.141525,               0.3425
            0.140295,             0.342813
            0.140161,             0.343125
            0.142913,              0.34375
             0.14955,             0.344375
            0.160246,                0.345
            0.175543,             0.345625
            0.196367,              0.34625
            0.209265,             0.346563
            0.224106,             0.346875
            0.241151,             0.347188
            0.260703,               0.3475
            0.283108,             0.347813
            0.308757,             0.348125
            0.338075,             0.348438
            0.371515,              0.34875
            0.409524,             0.349062
            0.452502,             0.349375
            0.500728,             0.349688
            0.554247,                 0.35
            0.675275,             0.350625
            0.740244,             0.350938
            0.805104,              0.35125
            0.866454,             0.351563
            0.920277,             0.351875
            0.962488,             0.352188
            0.989694,               0.3525
             0.99993,             0.352813
            0.993094,             0.353125
            0.970894,             0.353438
            0.936347,              0.35375
            0.893072,             0.354063
            0.844628,             0.354375
            0.743745,                0.355
            0.649736,             0.355625
            0.569172,              0.35625
            0.503061,             0.356875
            0.450019,               0.3575
            0.407988,             0.358125
            0.374975,              0.35875
              0.3493,             0.359375
            0.329629,                 0.36
            0.314944,             0.360625
            0.304482,              0.36125
            0.297689,             0.361875
            0.294178,               0.3625
            0.293694,             0.363125
            0.296097,              0.36375
            0.301342,             0.364375
            0.309474,                0.365
            0.320616,             0.365625
            0.334969,              0.36625
             0.35281,             0.366875
            0.374487,               0.3675
            0.400412,             0.368125
            0.431042,              0.36875
            0.466849,             0.369375
            0.508261,                 0.37
            0.555563,             0.370625
             0.60875,              0.37125
            0.729994,               0.3725
            0.794492,             0.373125
            0.857341,              0.37375
            0.914013,             0.374375
            0.959466,                0.375
            0.989113,             0.375625
            0.999972,              0.37625
             0.99148,             0.376875
            0.965601,               0.3775
            0.926158,             0.378125
            0.877773,              0.37875
            0.824889,             0.379375
            0.771141,                 0.38
            0.670569,              0.38125
            0.586701,               0.3825
            0.521337,              0.38375
            0.472682,                0.385
            0.438132,              0.38625
            0.415374,               0.3875
            0.402694,              0.38875
            0.399006,                 0.39
            0.403789,              0.39125
            0.417023,               0.3925
            0.439135,              0.39375
            0.470934,                0.395
            0.513493,              0.39625
            0.567892,               0.3975
            0.634685,              0.39875
            0.712915,                  0.4
            0.798612,              0.40125
            0.883215,               0.4025
            0.953362,              0.40375
            0.994107,                0.405
             0.99556,              0.40625
            0.958502,               0.4075
            0.893687,              0.40875
            0.815647,                 0.41
             0.73667,              0.41125
            0.664399,               0.4125
             0.60234,              0.41375
            0.551357,                0.415
            0.510981,              0.41625
            0.480248,               0.4175
            0.458147,              0.41875
            0.443827,                 0.42
            0.436678,              0.42125
             0.43636,               0.4225
            0.442799,              0.42375
            0.456182,                0.425
            0.476943,              0.42625
            0.505728,               0.4275
             0.54332,              0.42875
            0.590475,                 0.43
            0.647589,              0.43125
            0.714113,               0.4325
             0.78765,              0.43375
            0.862875,                0.435
            0.930893,              0.43625
            0.980163,               0.4375
            0.999907,              0.43875
            0.984911,                 0.44
            0.938341,              0.44125
            0.870073,               0.4425
            0.792018,              0.44375
            0.714058,                0.445
            0.642444,              0.44625
            0.580173,               0.4475
            0.528064,              0.44875
            0.485766,                 0.45
            0.452449,              0.45125
            0.427191,               0.4525
            0.409181,              0.45375
             0.39781,                0.455
            0.392709,              0.45625
            0.393763,               0.4575
             0.40113,              0.45875
            0.415259,                 0.46
            0.436912,              0.46125
            0.467181,               0.4625
            0.507464,              0.46375
            0.559333,                0.465
            0.624134,              0.46625
            0.702056,               0.4675
            0.790348,              0.46875
            0.880647,                 0.47
            0.921817,             0.470625
            0.956883,              0.47125
            0.983005,             0.471875
            0.997595,               0.4725
              0.9988,             0.473125
             0.98591,              0.47375
            0.959552,             0.474375
            0.921586,                0.475
            0.874733,             0.475625
            0.822072,              0.47625
            0.710768,               0.4775
            0.605379,              0.47875
            0.514627,                 0.48
            0.440634,              0.48125
            0.382217,               0.4825
            0.337082,              0.48375
            0.302914,                0.485
            0.277795,              0.48625
            0.260313,               0.4875
            0.249578,              0.48875
            0.245212,                 0.49
            0.247399,              0.49125
            0.251191,             0.491875
            0.257019,               0.4925
             0.26515,             0.493125
            0.275945,              0.49375
            0.289889,             0.494375
            0.307626,                0.495
            0.330009,             0.495625
            0.358166,              0.49625
            0.393574,             0.496875
            0.438123,               0.4975
            0.494125,             0.498125
             0.56409,              0.49875
            0.649934,             0.499375
            0.750862,                  0.5
             0.80497,             0.500312
            0.859009,             0.500625
            0.909878,             0.500938
            0.953454,              0.50125
            0.984909,             0.501562
            0.999462,             0.501875
            0.993504,             0.502188
            0.965722,               0.5025
            0.917699,             0.502812
            0.853625,             0.503125
            0.779209,             0.503437
            0.700329,              0.50375
            0.621965,             0.504062
            0.547681,             0.504375
            0.479611,             0.504687
            0.418715,                0.505
            0.365133,             0.505313
            0.318505,             0.505625
            0.278206,             0.505938
            0.243513,              0.50625
            0.213695,             0.506563
            0.188068,             0.506875
            0.166021,             0.507188
            0.147019,               0.5075
            0.130602,             0.507812
             0.11638,             0.508125
            0.104024,             0.508438
           0.0932547,              0.50875
           0.0838404,             0.509062
           0.0755847,             0.509375
           0.0683226,             0.509688
           0.0619153,                 0.51
           0.0562456,             0.510312
            0.051214,             0.510625
           0.0467365,             0.510938
           0.0427414,              0.51125
           0.0391675,             0.511562
           0.0359625,             0.511875
           0.0304857,               0.5125
           0.0260207,             0.513125
           0.0223503,              0.51375
           0.0193098,             0.514375
            0.016773,                0.515
           0.0146425,             0.515625
           0.0128422,              0.51625
           0.0113124,             0.516875
           0.0100053,               0.5175
          0.00888305,             0.518125
          0.00791501,              0.51875
          0.00707632,             0.519375
          0.00634672,                 0.52
          0.00570956,             0.520625
           0.0051511,              0.52125
          0.00465992,             0.521875
          0.00422651,               0.5225
          0.00384289,             0.523125
          0.00350234,              0.52375
          0.00319917,             0.524375
          0.00292856,                0.525
           0.0026864,             0.525625
          0.00246917,              0.52625
          0.00209783,               0.5275
          0.00179503,              0.52875
          0.00154612,                 0.53
          0.00133998,              0.53125
          0.00116808,               0.5325
          0.00102381,              0.53375
         0.000901994,                0.535
         0.000798561,              0.53625
         0.000710271,               0.5375
         0.000634534,              0.53875
         0.000569261,                 0.54
         0.000512758,              0.54125
         0.000463643,               0.5425
         0.000420782,              0.54375
         0.000383238,                0.545
         0.000350237,              0.54625
          0.00032113,               0.5475
         0.000295378,              0.54875
         0.000272524,                 0.55
         0.000252185,              0.55125
         0.000234035,               0.5525
         0.000203235,                0.555
         0.000178353,               0.5575
         0.000158084,                 0.56
          0.00014145,               0.5625
         0.000127715,                0.565
         0.000116314,               0.5675
         0.000106813,                 0.57
         9.88727e-05,               0.5725
         9.22297e-05,                0.575
         8.66753e-05,               0.5775
         8.20449e-05,                 0.58
         7.82075e-05,               0.5825
         7.50595e-05,                0.585
         7.25188e-05,               0.5875
         7.05208e-05,                 0.59
         6.79653e-05,                0.595
         6.71302e-05,                  0.6

