------------------------------------------------------------
 Transmission Coefficient on refined energy grid using transfer matrices
------------------------------------------------------------
Transmission Coefficient, Energy (eV)
         2.73112e-19,                0.005
         3.13697e-19,            0.0053125
         3.59133e-19,             0.005625
         4.09957e-19,            0.0059375
         4.66764e-19,              0.00625
         5.30212e-19,            0.0065625
         6.01033e-19,             0.006875
         6.80035e-19,            0.0071875
         7.68113e-19,               0.0075
          8.6626e-19,            0.0078125
         9.75573e-19,             0.008125
         1.09727e-18,            0.0084375
          1.2327e-18,              0.00875
         1.38335e-18,            0.0090625
         1.55087e-18,             0.009375
         1.73709e-18,            0.0096875
         1.94405e-18,                 0.01
         2.17398e-18,            0.0103125
         2.42938e-18,             0.010625
         2.71299e-18,            0.0109375
         3.02786e-18,              0.01125
         3.37739e-18,            0.0115625
          3.7653e-18,             0.011875
         4.19575e-18,            0.0121875
         4.67335e-18,               0.0125
         5.20318e-18,            0.0128125
         5.79089e-18,             0.013125
         6.44275e-18,            0.0134375
         7.16569e-18,              0.01375
         7.96741e-18,            0.0140625
         8.85645e-18,             0.014375
         9.84227e-18,            0.0146875
         1.09354e-17,                0.015
         1.21474e-17,            0.0153125
         1.34912e-17,             0.015625
         1.49812e-17,            0.0159375
         1.66334e-17,              0.01625
         1.84652e-17,            0.0165625
         2.04964e-17,             0.016875
         2.27488e-17,            0.0171875
         2.52464e-17,               0.0175
         2.80162e-17,            0.0178125
          3.1088e-17,             0.018125
         3.44949e-17,            0.0184375
         3.82738e-17,              0.01875
         4.24656e-17,            0.0190625
          4.7116e-17,             0.019375
         5.22754e-17,            0.0196875
         5.80003e-17,                 0.02
         6.43533e-17,            0.0203125
         7.14042e-17,             0.020625
         7.92305e-17,            0.0209375
         8.79187e-17,              0.02125
          9.7565e-17,            0.0215625
         1.08276e-16,             0.021875
         1.20173e-16,            0.0221875
         1.33387e-16,               0.0225
         1.48066e-16,            0.0228125
         1.64378e-16,             0.023125
         1.82505e-16,            0.0234375
         2.02653e-16,              0.02375
         2.25052e-16,            0.0240625
         2.49959e-16,             0.024375
         2.77658e-16,            0.0246875
          3.0847e-16,                0.025
         3.42751e-16,            0.0253125
           3.809e-16,             0.025625
         4.23363e-16,            0.0259375
         4.70637e-16,              0.02625
          5.2328e-16,            0.0265625
         5.81915e-16,             0.026875
         6.47239e-16,            0.0271875
         7.20034e-16,               0.0275
         8.01174e-16,            0.0278125
         8.91638e-16,             0.028125
         9.92525e-16,            0.0284375
         1.10506e-15,              0.02875
         1.23063e-15,            0.0290625
         1.37079e-15,             0.029375
         1.52725e-15,            0.0296875
         1.70199e-15,                 0.03
         1.89717e-15,            0.0303125
         2.11528e-15,             0.030625
         2.35905e-15,            0.0309375
         2.63162e-15,              0.03125
         2.93646e-15,            0.0315625
         3.27751e-15,             0.031875
          3.6592e-15,            0.0321875
          4.0865e-15,               0.0325
         4.56502e-15,            0.0328125
          5.1011e-15,             0.033125
         5.70186e-15,            0.0334375
         6.37534e-15,              0.03375
         7.13062e-15,            0.0340625
         7.97794e-15,             0.034375
         8.92886e-15,            0.0346875
         9.99645e-15,                0.035
         1.11955e-14,            0.0353125
         1.25427e-14,             0.035625
          1.4057e-14,            0.0359375
         1.57597e-14,              0.03625
         1.76751e-14,            0.0365625
         1.98306e-14,             0.036875
         2.22575e-14,            0.0371875
         2.49909e-14,               0.0375
          2.8071e-14,            0.0378125
         3.15432e-14,             0.038125
         3.54592e-14,            0.0384375
         3.98778e-14,              0.03875
         4.48658e-14,            0.0390625
         5.04991e-14,             0.039375
         5.68643e-14,            0.0396875
           6.406e-14,                 0.04
         7.21985e-14,            0.0403125
         8.14079e-14,             0.040625
         9.18345e-14,            0.0409375
         1.03645e-13,              0.04125
         1.17031e-13,            0.0415625
         1.32209e-13,             0.041875
         1.49429e-13,            0.0421875
         1.68978e-13,               0.0425
         1.91181e-13,            0.0428125
         2.16414e-13,             0.043125
         2.45107e-13,            0.0434375
         2.77753e-13,              0.04375
         3.14918e-13,            0.0440625
         3.57255e-13,             0.044375
         4.05512e-13,            0.0446875
         4.60551e-13,                0.045
         5.23367e-13,            0.0453125
         5.95102e-13,             0.045625
         6.77079e-13,            0.0459375
         7.70822e-13,              0.04625
         8.78091e-13,            0.0465625
         1.00092e-12,             0.046875
         1.14168e-12,            0.0471875
         1.30308e-12,               0.0475
         1.48831e-12,            0.0478125
         1.70101e-12,             0.048125
         1.94547e-12,            0.0484375
         2.22663e-12,              0.04875
         2.55026e-12,            0.0490625
         2.92306e-12,             0.049375
         3.35286e-12,            0.0496875
         3.84879e-12,                 0.05
         4.42148e-12,            0.0503125
          5.0834e-12,             0.050625
         5.84911e-12,            0.0509375
         6.73567e-12,              0.05125
         7.76308e-12,            0.0515625
         8.95482e-12,             0.051875
         1.03385e-11,            0.0521875
         1.19465e-11,               0.0525
         1.38171e-11,            0.0528125
         1.59953e-11,             0.053125
         1.85343e-11,            0.0534375
         2.14969e-11,              0.05375
         2.49575e-11,            0.0540625
         2.90042e-11,             0.054375
         3.37414e-11,            0.0546875
         3.92934e-11,                0.055
         4.58076e-11,            0.0553125
         5.34599e-11,             0.055625
         6.24601e-11,            0.0559375
         7.30585e-11,              0.05625
          8.5555e-11,            0.0565625
         1.00308e-10,             0.056875
         1.17749e-10,            0.0571875
         1.38395e-10,               0.0575
         1.62869e-10,            0.0578125
         1.91921e-10,             0.058125
          2.2646e-10,            0.0584375
         2.67582e-10,              0.05875
         3.16618e-10,            0.0590625
         3.75181e-10,             0.059375
         4.45238e-10,            0.0596875
         5.29181e-10,                 0.06
         6.29936e-10,            0.0603125
         7.51081e-10,             0.060625
         8.97006e-10,            0.0609375
         1.07311e-09,              0.06125
         1.28602e-09,            0.0615625
         1.54397e-09,             0.061875
         1.85709e-09,            0.0621875
         2.23798e-09,               0.0625
         2.70233e-09,            0.0628125
         3.26966e-09,             0.063125
         3.59936e-09,            0.0632813
         3.96442e-09,            0.0634375
         4.36887e-09,            0.0635938
         4.81725e-09,              0.06375
         5.31461e-09,            0.0639062
         5.86668e-09,            0.0640625
         6.47985e-09,            0.0642187
         7.16133e-09,             0.064375
         7.91924e-09,            0.0645313
         8.76272e-09,            0.0646875
         9.70208e-09,            0.0648438
         1.07489e-08,                0.065
         1.19165e-08,            0.0651562
         1.32195e-08,            0.0653125
         1.46748e-08,            0.0654687
         1.63015e-08,             0.065625
         1.81211e-08,            0.0657813
         2.01581e-08,            0.0659375
         2.24403e-08,            0.0660938
         2.49993e-08,              0.06625
         2.78712e-08,            0.0664062
         3.10969e-08,            0.0665625
         3.47232e-08,            0.0667187
         3.88035e-08,             0.066875
         4.33988e-08,            0.0670313
          4.8579e-08,            0.0671875
         5.44241e-08,            0.0673438
         6.10258e-08,               0.0675
         6.84896e-08,            0.0676563
         7.69367e-08,            0.0678125
         8.65067e-08,            0.0679687
         9.73605e-08,             0.068125
         1.09684e-07,            0.0682813
         1.23692e-07,            0.0684375
         1.39633e-07,            0.0685938
         1.57796e-07,              0.06875
         1.78515e-07,            0.0689063
          2.0218e-07,            0.0690625
         2.29245e-07,            0.0692187
          2.6024e-07,             0.069375
         2.95783e-07,            0.0695313
           3.366e-07,            0.0696875
          3.8354e-07,            0.0698438
         4.37604e-07,                 0.07
         4.99968e-07,            0.0701563
         5.72021e-07,            0.0703125
         6.55405e-07,            0.0704687
         7.52066e-07,             0.070625
         8.64315e-07,            0.0707813
         9.94902e-07,            0.0709375
         1.14711e-06,            0.0710938
         1.32487e-06,              0.07125
         1.53287e-06,            0.0714063
          1.7768e-06,            0.0715625
         2.06347e-06,            0.0717187
         2.40115e-06,             0.071875
         2.79984e-06,            0.0720313
         3.27174e-06,            0.0721875
         3.83174e-06,            0.0723438
         4.49807e-06,               0.0725
         5.29318e-06,            0.0726563
         6.24477e-06,            0.0728125
         7.38716e-06,            0.0729687
         8.76313e-06,             0.073125
         1.04261e-05,            0.0732813
         1.24434e-05,            0.0734375
         1.48998e-05,            0.0735938
         1.79032e-05,              0.07375
         1.96517e-05,            0.0738281
         2.15913e-05,            0.0739063
         2.37456e-05,            0.0739844
         2.61412e-05,            0.0740625
         2.88083e-05,            0.0741406
         3.17818e-05,            0.0742188
         3.51011e-05,            0.0742969
         3.88117e-05,             0.074375
         4.29657e-05,            0.0744531
         4.76229e-05,            0.0745313
         5.28525e-05,            0.0746094
         5.87343e-05,            0.0746875
         6.53607e-05,            0.0747656
         7.28391e-05,            0.0748438
         8.12946e-05,            0.0749219
         9.08729e-05,                0.075
         0.000101745,            0.0750781
         0.000114111,            0.0751563
         0.000128208,            0.0752344
         0.000144314,            0.0753125
          0.00016276,            0.0753906
         0.000183941,            0.0754688
         0.000208327,            0.0755469
         0.000236483,             0.075625
         0.000269089,            0.0757031
         0.000306969,            0.0757813
         0.000351126,            0.0758594
         0.000402785,            0.0759375
         0.000463454,            0.0760156
         0.000534998,            0.0760938
         0.000619742,            0.0761719
           0.0007206,              0.07625
         0.000841255,            0.0763281
           0.0009864,            0.0764063
          0.00116207,            0.0764844
           0.0013761,            0.0765625
          0.00150059,            0.0766016
          0.00163876,            0.0766406
          0.00179243,            0.0766797
          0.00196371,            0.0767188
          0.00215505,            0.0767578
          0.00236931,            0.0767969
          0.00260984,            0.0768359
          0.00288061,             0.076875
          0.00318627,            0.0769141
          0.00353238,            0.0769531
          0.00392555,            0.0769922
          0.00437373,            0.0770313
           0.0048865,            0.0770703
           0.0054755,            0.0771094
          0.00615494,            0.0771484
           0.0069423,            0.0771875
          0.00785924,            0.0772266
          0.00893285,            0.0772656
           0.0101972,            0.0773047
           0.0116958,            0.0773438
           0.0134842,            0.0773828
           0.0156351,            0.0774219
           0.0182436,            0.0774609
           0.0214369,               0.0775
           0.0233043,            0.0775195
           0.0253868,            0.0775391
            0.027716,            0.0775586
           0.0303295,            0.0775781
           0.0332716,            0.0775977
           0.0365954,            0.0776172
           0.0403647,            0.0776367
           0.0446561,            0.0776563
           0.0495627,            0.0776758
           0.0551981,            0.0776953
           0.0617017,            0.0777148
           0.0692455,            0.0777344
           0.0780431,            0.0777539
           0.0883618,            0.0777734
            0.100537,             0.077793
            0.114994,            0.0778125
            0.132271,             0.077832
            0.153055,            0.0778516
            0.178218,            0.0778711
            0.208868,            0.0778906
            0.246389,            0.0779102
            0.292468,            0.0779297
            0.349061,            0.0779492
            0.418192,            0.0779688
            0.501456,            0.0779883
            0.598945,            0.0780078
            0.707445,            0.0780273
            0.818196,            0.0780469
            0.869826,            0.0780566
            0.915814,            0.0780664
            0.953676,            0.0780762
             0.98119,            0.0780859
            0.996719,            0.0780957
            0.999478,            0.0781055
            0.989652,            0.0781152
            0.968343,             0.078125
            0.937351,            0.0781348
            0.898873,            0.0781445
             0.80847,            0.0781641
            0.712786,            0.0781836
             0.62197,            0.0782031
            0.540914,            0.0782227
            0.471008,            0.0782422
            0.411791,            0.0782617
            0.362026,            0.0782813
            0.320284,            0.0783008
            0.285212,            0.0783203
            0.255631,            0.0783398
            0.230556,            0.0783594
            0.209181,            0.0783789
            0.190853,            0.0783984
            0.175047,             0.078418
            0.161337,            0.0784375
             0.14938,             0.078457
            0.138898,            0.0784766
            0.129663,            0.0784961
            0.121489,            0.0785156
            0.107737,            0.0785547
           0.0966981,            0.0785938
           0.0877147,            0.0786328
           0.0803149,            0.0786719
           0.0741555,            0.0787109
           0.0689822,              0.07875
           0.0646035,            0.0787891
           0.0608729,            0.0788281
           0.0576774,            0.0788672
           0.0549282,            0.0789063
           0.0505018,            0.0789844
           0.0471826,            0.0790625
           0.0446996,            0.0791406
             0.04287,            0.0792188
           0.0415675,            0.0792969
           0.0407045,             0.079375
           0.0402201,            0.0794531
           0.0400727,            0.0795312
           0.0402355,            0.0796094
           0.0406931,            0.0796875
           0.0424782,            0.0798437
           0.0454806,                 0.08
           0.0474898,            0.0800781
           0.0498826,            0.0801563
           0.0527052,            0.0802344
           0.0560164,            0.0803125
           0.0598898,            0.0803906
           0.0644171,            0.0804688
           0.0697131,            0.0805469
            0.075921,             0.080625
           0.0832212,            0.0807031
           0.0918408,            0.0807812
            0.102069,            0.0808594
            0.114273,            0.0809375
            0.128928,            0.0810156
            0.146645,            0.0810937
            0.168215,            0.0811719
            0.194667,              0.08125
            0.227327,            0.0813281
            0.267882,            0.0814063
            0.318416,            0.0814844
            0.381341,            0.0815625
            0.459062,            0.0816406
            0.553101,            0.0817188
            0.662248,            0.0817969
            0.779629,             0.081875
            0.836964,            0.0819141
            0.889907,            0.0819531
            0.935391,            0.0819922
            0.970401,            0.0820312
            0.992442,            0.0820703
                   1,            0.0821094
            0.992822,            0.0821484
            0.971952,            0.0821875
            0.939477,            0.0822266
            0.898109,            0.0822656
            0.850735,            0.0823047
            0.800041,            0.0823437
            0.697209,            0.0824219
            0.601556,               0.0825
            0.518167,            0.0825781
            0.447919,            0.0826563
            0.389706,            0.0827344
            0.341761,            0.0828125
            0.302277,            0.0828906
            0.269656,            0.0829688
            0.242569,            0.0830469
            0.219947,             0.083125
             0.20094,            0.0832031
            0.184877,            0.0832813
            0.171227,            0.0833594
             0.15957,            0.0834375
             0.14957,            0.0835156
            0.140961,            0.0835937
            0.133527,            0.0836719
            0.127093,              0.08375
            0.116688,            0.0839063
            0.108893,            0.0840625
            0.103129,            0.0842188
           0.0989981,             0.084375
           0.0962296,            0.0845313
           0.0946397,            0.0846875
           0.0941112,            0.0848437
           0.0945784,                0.085
            0.096019,            0.0851563
           0.0984496,            0.0853125
            0.101925,            0.0854688
             0.10654,             0.085625
            0.112434,            0.0857813
            0.119801,            0.0859375
            0.128901,            0.0860937
            0.140076,              0.08625
            0.153776,            0.0864063
            0.170591,            0.0865625
            0.191297,            0.0867188
            0.216904,             0.086875
            0.248731,            0.0870313
            0.288466,            0.0871875
            0.338213,            0.0873437
            0.400426,               0.0875
            0.477573,            0.0876563
            0.571216,            0.0878125
            0.680025,            0.0879688
            0.796574,             0.088125
            0.852947,            0.0882031
            0.904291,            0.0882813
            0.947342,            0.0883594
            0.978956,            0.0884375
            0.996651,            0.0885156
            0.999095,            0.0885937
            0.986381,            0.0886719
            0.959985,              0.08875
            0.922419,            0.0888281
            0.876734,            0.0889063
            0.826012,            0.0889844
               0.773,            0.0890625
            0.668344,            0.0892188
            0.573678,             0.089375
            0.492917,            0.0895313
            0.426063,            0.0896875
            0.371481,            0.0898438
             0.32712,                 0.09
            0.291048,            0.0901563
            0.261626,            0.0903125
            0.237532,            0.0904688
             0.21772,             0.090625
            0.201376,            0.0907813
            0.187864,            0.0909375
            0.176689,            0.0910938
            0.167466,              0.09125
            0.159895,            0.0914062
            0.153739,            0.0915625
            0.148815,            0.0917187
            0.144982,             0.091875
            0.140178,            0.0921875
            0.138764,               0.0925
            0.140507,            0.0928125
            0.145448,             0.093125
              0.1539,            0.0934375
            0.166482,              0.09375
            0.174617,            0.0939062
            0.184201,            0.0940625
            0.195444,            0.0942187
            0.208603,             0.094375
            0.223993,            0.0945313
            0.241994,            0.0946875
            0.263065,            0.0948438
            0.287754,                0.095
             0.31671,            0.0951562
            0.350681,            0.0953125
              0.3905,            0.0954687
            0.437036,             0.095625
            0.491089,            0.0957813
            0.553178,            0.0959375
            0.623192,            0.0960938
            0.699863,              0.09625
            0.780101,            0.0964062
             0.85842,            0.0965625
            0.926926,            0.0967187
            0.976468,             0.096875
             0.99911,            0.0970313
            0.991039,            0.0971875
             0.95414,            0.0973438
            0.895134,               0.0975
            0.822909,            0.0976562
            0.745805,            0.0978125
            0.670062,            0.0979687
            0.599513,             0.098125
            0.536024,            0.0982813
             0.48012,            0.0984375
             0.43155,            0.0985938
            0.389675,              0.09875
            0.353716,            0.0989063
            0.322882,            0.0990625
            0.296445,            0.0992187
            0.273757,             0.099375
            0.254265,            0.0995313
            0.237498,            0.0996875
            0.223062,            0.0998438
             0.21063,                  0.1
            0.199928,             0.100156
            0.190733,             0.100312
            0.176145,             0.100625
            0.165732,             0.100938
            0.158737,              0.10125
            0.154673,             0.101562
            0.153263,             0.101875
            0.154402,             0.102188
            0.158143,               0.1025
            0.164705,             0.102813
            0.174494,             0.103125
            0.188153,             0.103438
            0.206638,              0.10375
            0.218103,             0.103906
            0.231338,             0.104063
            0.246613,             0.104219
            0.264247,             0.104375
            0.284622,             0.104531
            0.308184,             0.104688
            0.335452,             0.104844
            0.367018,                0.105
            0.403534,             0.105156
            0.445677,             0.105313
            0.494083,             0.105469
            0.549214,             0.105625
            0.611137,             0.105781
            0.679191,             0.105938
             0.75154,             0.106094
            0.824694,              0.10625
            0.893225,             0.106406
            0.950048,             0.106563
            0.987617,             0.106719
            0.999964,             0.106875
             0.98479,             0.107031
            0.944379,             0.107188
            0.884738,             0.107344
            0.813521,               0.1075
            0.737937,             0.107656
            0.663507,             0.107813
            0.593763,             0.107969
             0.53053,             0.108125
            0.474426,             0.108281
            0.425327,             0.108438
            0.382712,             0.108594
            0.345892,              0.10875
             0.31414,             0.108906
            0.286768,             0.109063
            0.263155,             0.109219
            0.242757,             0.109375
             0.22511,             0.109531
            0.209819,             0.109687
            0.196553,             0.109844
            0.185034,                 0.11
            0.166344,             0.110313
            0.152317,             0.110625
            0.141962,             0.110937
            0.134602,              0.11125
            0.129792,             0.111563
            0.127266,             0.111875
            0.126909,             0.112187
            0.128748,               0.1125
             0.13296,             0.112813
            0.139899,             0.113125
            0.150159,             0.113437
            0.156807,             0.113594
             0.16467,              0.11375
            0.173942,             0.113906
            0.184871,             0.114063
            0.197761,             0.114219
            0.212993,             0.114375
            0.231048,             0.114531
            0.252524,             0.114687
            0.278174,             0.114844
            0.308929,                0.115
            0.345936,             0.115156
            0.390554,             0.115313
            0.444313,             0.115469
            0.508724,             0.115625
            0.584838,             0.115781
            0.672334,             0.115937
            0.767958,             0.116094
            0.863514,              0.11625
            0.906997,             0.116328
             0.94465,             0.116406
            0.974075,             0.116484
            0.993076,             0.116563
             0.99999,             0.116641
            0.993987,             0.116719
            0.975244,             0.116797
             0.94493,             0.116875
            0.905001,             0.116953
            0.857881,             0.117031
            0.752042,             0.117188
            0.644578,             0.117344
            0.546109,               0.1175
            0.461104,             0.117656
            0.390127,             0.117813
            0.331862,             0.117969
            0.284367,             0.118125
            0.245689,             0.118281
            0.214111,             0.118438
            0.188217,             0.118594
            0.166869,              0.11875
             0.14917,             0.118906
            0.134418,             0.119063
             0.12206,             0.119219
            0.111663,             0.119375
            0.102887,             0.119531
           0.0954625,             0.119688
           0.0891768,             0.119844
           0.0838606,                 0.12
           0.0793797,             0.120156
           0.0756282,             0.120313
           0.0725231,             0.120469
           0.0700008,             0.120625
           0.0665311,             0.120938
           0.0650161,              0.12125
           0.0649895,             0.121406
           0.0654799,             0.121562
           0.0665325,             0.121719
           0.0682171,             0.121875
           0.0706346,             0.122031
           0.0739294,             0.122188
           0.0783061,             0.122344
           0.0840581,               0.1225
            0.091612,             0.122656
           0.0962516,             0.122734
            0.101602,             0.122812
            0.107795,             0.122891
            0.114997,             0.122969
            0.123418,             0.123047
            0.133328,             0.123125
            0.145075,             0.123203
            0.159113,             0.123281
            0.176042,             0.123359
            0.196662,             0.123438
            0.222053,             0.123516
            0.253675,             0.123594
            0.272417,             0.123633
            0.293509,             0.123672
            0.317306,             0.123711
             0.34421,              0.12375
            0.374676,             0.123789
            0.409197,             0.123828
            0.448289,             0.123867
            0.492445,             0.123906
            0.542061,             0.123945
            0.597308,             0.123984
            0.657931,             0.124023
            0.722965,             0.124062
            0.790381,             0.124102
            0.856737,             0.124141
            0.917019,              0.12418
            0.964928,             0.124219
             0.99389,             0.124258
             0.99871,             0.124297
            0.977307,             0.124336
            0.931606,             0.124375
               0.867,             0.124414
            0.790669,             0.124453
            0.709685,             0.124492
             0.62971,             0.124531
            0.554532,              0.12457
            0.486215,             0.124609
            0.425539,             0.124648
            0.372446,             0.124688
            0.326417,             0.124727
            0.286718,             0.124766
            0.252558,             0.124805
            0.223172,             0.124844
            0.197867,             0.124883
            0.176031,             0.124922
            0.157139,             0.124961
            0.140744,                0.125
             0.12647,             0.125039
               0.114,             0.125078
            0.103068,             0.125117
           0.0934524,             0.125156
            0.084966,             0.125195
           0.0774518,             0.125234
           0.0707772,             0.125273
           0.0648303,             0.125312
            0.059516,             0.125352
           0.0547536,             0.125391
           0.0466187,             0.125469
           0.0399842,             0.125547
           0.0345223,             0.125625
           0.0299872,             0.125703
           0.0261919,             0.125781
           0.0229928,             0.125859
           0.0202782,             0.125937
           0.0179607,             0.126016
            0.015971,             0.126094
           0.0142538,             0.126172
           0.0127645,              0.12625
           0.0114671,             0.126328
           0.0103321,             0.126406
          0.00933526,             0.126484
          0.00845651,             0.126563
          0.00767921,             0.126641
          0.00698942,             0.126719
          0.00637541,             0.126797
          0.00582729,             0.126875
          0.00533666,             0.126953
          0.00489636,             0.127031
           0.0041431,             0.127188
          0.00352809,             0.127344
          0.00302183,               0.1275
          0.00260198,             0.127656
          0.00225142,             0.127812
          0.00195689,             0.127969
          0.00170801,             0.128125
          0.00149658,             0.128281
          0.00131609,             0.128437
          0.00116129,             0.128594
          0.00102797,              0.12875
         0.000912688,             0.128906
         0.000812621,             0.129063
         0.000725458,             0.129219
         0.000649282,             0.129375
         0.000582498,             0.129531
         0.000523775,             0.129688
         0.000471994,             0.129844
         0.000426213,                 0.13
         0.000385632,             0.130156
         0.000349574,             0.130312
         0.000317462,             0.130469
         0.000288799,             0.130625
         0.000263161,             0.130781
         0.000240184,             0.130937
          0.00021955,             0.131094
         0.000200986,              0.13125
         0.000169149,             0.131563
         0.000143115,             0.131875
         0.000121692,             0.132188
         0.000103961,               0.1325
         8.92037e-05,             0.132812
         7.68589e-05,             0.133125
         6.64823e-05,             0.133437
         5.77201e-05,              0.13375
         5.02895e-05,             0.134063
         4.39624e-05,             0.134375
         3.85541e-05,             0.134688
         3.39142e-05,                0.135
         2.99196e-05,             0.135313
         2.64691e-05,             0.135625
         2.34792e-05,             0.135937
         2.08804e-05,              0.13625
          1.8615e-05,             0.136563
         1.66348e-05,             0.136875
         1.48992e-05,             0.137188
          1.3374e-05,               0.1375
         1.20304e-05,             0.137813
         1.08441e-05,             0.138125
         9.79406e-06,             0.138437
          8.8627e-06,              0.13875
         8.03481e-06,             0.139063
         7.29736e-06,             0.139375
         6.63916e-06,             0.139688
         6.05056e-06,                 0.14
         5.52321e-06,             0.140313
         5.04988e-06,             0.140625
         4.62428e-06,             0.140937
         4.24094e-06,              0.14125
         3.58259e-06,             0.141875
         3.04336e-06,               0.1425
         2.59903e-06,             0.143125
         2.23081e-06,              0.14375
           1.924e-06,             0.144375
         1.66704e-06,                0.145
         1.45077e-06,             0.145625
          1.2679e-06,              0.14625
         1.11257e-06,             0.146875
         9.80077e-07,               0.1475
         8.66595e-07,             0.148125
         7.69017e-07,              0.14875
         6.84799e-07,             0.149375
         6.11848e-07,                 0.15
         5.48439e-07,             0.150625
          4.9314e-07,              0.15125
         4.44759e-07,             0.151875
         4.02301e-07,               0.1525
         3.64928e-07,             0.153125
         3.31939e-07,              0.15375
         3.02738e-07,             0.154375
         2.76822e-07,                0.155
         2.53762e-07,             0.155625
         2.33192e-07,              0.15625
         2.14801e-07,             0.156875
         1.98319e-07,               0.1575
         1.70189e-07,              0.15875
         1.47307e-07,                 0.16
         1.28546e-07,              0.16125
          1.1305e-07,               0.1625
         1.00165e-07,              0.16375
         8.93814e-08,                0.165
         8.03049e-08,              0.16625
          7.2624e-08,               0.1675
         6.60925e-08,              0.16875
          6.0514e-08,                 0.17
         5.57309e-08,              0.17125
         5.16161e-08,               0.1725
         4.80663e-08,              0.17375
         4.49973e-08,                0.175
         4.23398e-08,              0.17625
         4.00371e-08,               0.1775
         3.63155e-08,                 0.18
         3.35442e-08,               0.1825
         3.15234e-08,                0.185
         3.01151e-08,               0.1875
         2.92249e-08,                 0.19
         2.87912e-08,               0.1925
         2.87779e-08,                0.195
         2.91697e-08,               0.1975
           2.997e-08,                  0.2
            3.12e-08,               0.2025
         3.28994e-08,                0.205
         3.51289e-08,               0.2075
         3.79729e-08,                 0.21
         4.15457e-08,               0.2125
         4.59994e-08,                0.215
         5.15339e-08,               0.2175
         5.84132e-08,                 0.22
         6.69855e-08,               0.2225
         7.77131e-08,                0.225
         8.40707e-08,              0.22625
         9.12136e-08,               0.2275
          9.9253e-08,              0.22875
         1.08318e-07,                 0.23
          1.1856e-07,              0.23125
         1.30155e-07,               0.2325
          1.4331e-07,              0.23375
         1.58269e-07,                0.235
         1.75318e-07,              0.23625
         1.94798e-07,               0.2375
          2.1711e-07,              0.23875
         2.42732e-07,                 0.24
         2.72234e-07,              0.24125
         3.06297e-07,               0.2425
          3.4574e-07,              0.24375
         3.91544e-07,                0.245
         4.44897e-07,              0.24625
         5.07238e-07,               0.2475
         5.80313e-07,              0.24875
         6.66257e-07,                 0.25
         7.67679e-07,              0.25125
         8.87792e-07,               0.2525
         1.03056e-06,              0.25375
         1.20089e-06,                0.255
          1.4049e-06,              0.25625
         1.65024e-06,               0.2575
         1.94652e-06,              0.25875
         2.30587e-06,                 0.26
         2.74368e-06,              0.26125
         3.27961e-06,               0.2625
         3.59198e-06,             0.263125
         3.93885e-06,              0.26375
         4.32453e-06,             0.264375
         4.75393e-06,                0.265
         5.23265e-06,             0.265625
          5.7671e-06,              0.26625
          6.3646e-06,             0.266875
         7.03356e-06,               0.2675
         7.78365e-06,             0.268125
         8.62599e-06,              0.26875
         9.57339e-06,             0.269375
         1.06407e-05,                 0.27
         1.18451e-05,             0.270625
         1.32064e-05,              0.27125
         1.47478e-05,             0.271875
         1.64963e-05,               0.2725
         1.84835e-05,             0.273125
         2.07461e-05,              0.27375
         2.33274e-05,             0.274375
         2.62785e-05,                0.275
         2.96593e-05,             0.275625
         3.35409e-05,              0.27625
         3.80077e-05,             0.276875
         4.31598e-05,               0.2775
          4.9117e-05,             0.278125
         5.60225e-05,              0.27875
         6.40485e-05,             0.279375
         7.34024e-05,                 0.28
         8.43352e-05,             0.280625
         9.71518e-05,              0.28125
         0.000112224,             0.281875
         0.000130007,               0.2825
         0.000151062,             0.283125
         0.000176079,              0.28375
         0.000205921,             0.284375
         0.000241661,                0.285
         0.000284649,             0.285625
         0.000336589,              0.28625
          0.00039965,             0.286875
          0.00047661,               0.2875
         0.000521383,             0.287813
          0.00057105,             0.288125
          0.00062623,             0.288438
         0.000687629,              0.28875
         0.000756061,             0.289063
         0.000832458,             0.289375
         0.000917898,             0.289688
          0.00101363,                 0.29
          0.00112108,             0.290313
          0.00124195,             0.290625
          0.00137818,             0.290938
          0.00153207,              0.29125
          0.00170628,             0.291563
            0.001904,             0.291875
          0.00212894,             0.292187
          0.00238554,               0.2925
          0.00267906,             0.292812
          0.00301582,             0.293125
          0.00340337,             0.293437
          0.00385087,              0.29375
          0.00436938,             0.294062
          0.00497242,             0.294375
          0.00567654,             0.294687
          0.00650219,                0.295
          0.00747473,             0.295312
          0.00862588,             0.295625
          0.00999556,             0.295938
           0.0116345,              0.29625
           0.0136075,             0.296563
           0.0159985,             0.296875
           0.0189167,             0.297187
           0.0206169,             0.297344
           0.0225064,               0.2975
           0.0246107,             0.297656
           0.0269596,             0.297812
           0.0295878,             0.297969
           0.0325357,             0.298125
           0.0358508,             0.298281
           0.0395889,             0.298437
           0.0438158,             0.298594
           0.0486096,              0.29875
           0.0540631,             0.298906
           0.0602867,             0.299062
           0.0674128,             0.299219
           0.0756001,             0.299375
           0.0850395,             0.299531
           0.0959614,             0.299687
            0.108644,             0.299844
            0.123423,                  0.3
            0.140705,             0.300156
            0.160976,             0.300312
             0.18482,             0.300469
            0.212925,             0.300625
            0.246087,             0.300781
            0.285199,             0.300938
            0.331205,             0.301094
            0.385015,              0.30125
            0.447317,             0.301406
            0.518298,             0.301563
            0.597209,             0.301719
            0.681851,             0.301875
            0.768116,             0.302031
             0.84989,             0.302187
             0.91971,             0.302344
            0.970298,               0.3025
            0.996569,             0.302656
            0.997149,             0.302812
            0.974566,             0.302969
            0.934086,             0.303125
            0.881968,             0.303281
            0.823993,             0.303437
             0.76467,             0.303594
             0.70707,              0.30375
            0.603438,             0.304062
            0.518442,             0.304375
            0.450899,             0.304688
            0.397752,                0.305
            0.355931,             0.305312
            0.322887,             0.305625
            0.296648,             0.305938
            0.275729,              0.30625
            0.259018,             0.306563
            0.245687,             0.306875
            0.235113,             0.307188
            0.226826,               0.3075
            0.220472,             0.307812
            0.215782,             0.308125
            0.210623,              0.30875
            0.210263,             0.309375
            0.214144,                 0.31
            0.222074,             0.310625
            0.234138,              0.31125
             0.25066,             0.311875
            0.272186,               0.3125
             0.29948,             0.313125
            0.333519,              0.31375
            0.375457,             0.314375
            0.426531,                0.315
            0.487843,             0.315625
            0.559934,              0.31625
             0.64207,             0.316875
            0.731261,               0.3175
            0.821311,             0.318125
            0.902675,              0.31875
            0.964116,             0.319375
            0.996293,                 0.32
            0.995578,             0.320625
             0.96539,              0.32125
            0.914132,             0.321875
            0.851528,               0.3225
            0.785777,             0.323125
            0.722444,              0.32375
            0.664631,             0.324375
            0.613664,                0.325
             0.56978,             0.325625
             0.53264,              0.32625
            0.501655,             0.326875
            0.476169,               0.3275
            0.455558,             0.328125
            0.439268,              0.32875
            0.426831,             0.329375
            0.417869,                 0.33
            0.409247,              0.33125
            0.411851,               0.3325
            0.425057,              0.33375
            0.448964,                0.335
            0.484202,              0.33625
            0.531674,               0.3375
            0.592113,              0.33875
            0.665271,                 0.34
            0.748632,              0.34125
            0.835834,               0.3425
            0.915796,              0.34375
            0.974369,                0.345
            0.999494,              0.34625
            0.987269,               0.3475
            0.943837,              0.34875
            0.881421,                 0.35
            0.812444,              0.35125
            0.745944,               0.3525
            0.686998,              0.35375
            0.637723,                0.355
            0.598496,              0.35625
            0.568878,               0.3575
             0.54816,              0.35875
            0.535652,                 0.36
            0.530806,              0.36125
            0.533268,               0.3625
            0.542871,              0.36375
            0.559608,                0.365
            0.583578,              0.36625
            0.614896,               0.3675
            0.653553,              0.36875
            0.699207,                 0.37
            0.750893,              0.37125
            0.806677,               0.3725
            0.863349,              0.37375
            0.916346,                0.375
            0.960153,              0.37625
            0.989334,               0.3775
            0.999986,              0.37875
            0.990991,                 0.38
            0.964355,              0.38125
            0.924445,               0.3825
            0.876607,              0.38375
             0.82587,                0.385
            0.730237,               0.3875
            0.655009,                 0.39
            0.604682,               0.3925
            0.578571,                0.395
            0.575218,               0.3975
            0.594012,                  0.4
            0.635311,               0.4025
            0.699405,                0.405
            0.783814,               0.4075
            0.830921,              0.40875
            0.878375,                 0.41
            0.922886,              0.41125
            0.960495,               0.4125
            0.987121,              0.41375
            0.999414,                0.415
            0.995621,              0.41625
            0.976105,               0.4175
            0.943237,              0.41875
            0.900722,                 0.42
            0.852693,              0.42125
            0.802934,               0.4225
            0.709292,                0.425
            0.633555,               0.4275
            0.579747,                 0.43
            0.547618,               0.4325
            0.536124,                0.435
            0.545008,               0.4375
            0.575324,                 0.44
            0.629232,               0.4425
            0.708489,                0.445
            0.757071,              0.44625
            0.810025,               0.4475
            0.864708,              0.44875
            0.916936,                 0.45
            0.961038,              0.45125
            0.990582,               0.4525
            0.999907,              0.45375
            0.985996,                0.455
            0.949734,              0.45625
            0.895697,               0.4575
            0.830567,              0.45875
            0.761151,                 0.46
            0.692955,              0.46125
            0.629658,               0.4625
            0.573263,              0.46375
            0.524544,                0.465
            0.483511,              0.46625
            0.449785,               0.4675
            0.422839,              0.46875
            0.402164,                 0.47
            0.387351,              0.47125
            0.378155,               0.4725
            0.374532,              0.47375
            0.376688,                0.475
            0.385132,              0.47625
            0.400757,               0.4775
            0.424957,              0.47875
            0.459766,                 0.48
            0.507993,              0.48125
            0.573165,               0.4825
            0.658754,              0.48375
            0.709646,             0.484375
            0.765275,                0.485
            0.823989,             0.485625
            0.882634,              0.48625
            0.936137,             0.486875
            0.977496,               0.4875
            0.998689,             0.488125
            0.992765,              0.48875
            0.956564,             0.489375
            0.892541,                 0.49
            0.808253,             0.490625
             0.71369,              0.49125
            0.618167,             0.491875
            0.528393,               0.4925
            0.448092,             0.493125
            0.378591,              0.49375
            0.319689,             0.494375
            0.270391,                0.495
            0.229402,             0.495625
            0.195405,              0.49625
            0.167201,             0.496875
            0.143753,               0.4975
            0.124197,             0.498125
             0.10782,              0.49875
           0.0940456,             0.499375
           0.0824063,                  0.5

