------------------------------------------------------------
 Transmission Coefficient on refined energy grid using transfer matrices
------------------------------------------------------------
Transmission Coefficient, Energy (eV)
         1.10216e-28,                0.005
          1.3232e-28,            0.0053125
         1.58352e-28,             0.005625
         1.88975e-28,            0.0059375
         2.24963e-28,              0.00625
         2.67212e-28,            0.0065625
         3.16771e-28,             0.006875
         3.74857e-28,            0.0071875
         4.42889e-28,               0.0075
         5.22518e-28,            0.0078125
         6.15666e-28,             0.008125
         7.24568e-28,            0.0084375
         8.51828e-28,              0.00875
         1.00047e-27,            0.0090625
         1.17403e-27,             0.009375
          1.3766e-27,            0.0096875
         1.61296e-27,                 0.01
         1.88865e-27,            0.0103125
         2.21016e-27,             0.010625
           2.585e-27,            0.0109375
         3.02194e-27,              0.01125
         3.53117e-27,            0.0115625
         4.12458e-27,             0.011875
         4.81598e-27,            0.0121875
          5.6215e-27,               0.0125
         6.55988e-27,            0.0128125
         7.65297e-27,             0.013125
         8.92623e-27,            0.0134375
         1.04093e-26,              0.01375
         1.21369e-26,            0.0140625
         1.41491e-26,             0.014375
         1.64931e-26,            0.0146875
         1.92235e-26,                0.015
         2.24045e-26,            0.0153125
         2.61104e-26,             0.015625
         3.04283e-26,            0.0159375
         3.54599e-26,              0.01625
         4.13237e-26,            0.0165625
         4.81581e-26,             0.016875
         5.61251e-26,            0.0171875
         6.54134e-26,               0.0175
         7.62441e-26,            0.0178125
         8.88754e-26,             0.018125
         1.03609e-25,            0.0184375
         1.20799e-25,              0.01875
         1.40858e-25,            0.0190625
         1.64269e-25,             0.019375
           1.916e-25,            0.0196875
         2.23513e-25,                 0.02
         2.60786e-25,            0.0203125
          3.0433e-25,             0.020625
         3.55212e-25,            0.0209375
         4.14685e-25,              0.02125
         4.84219e-25,            0.0215625
         5.65536e-25,             0.021875
         6.60663e-25,            0.0221875
         7.71978e-25,               0.0225
         9.02273e-25,            0.0228125
         1.05483e-24,             0.023125
         1.23352e-24,            0.0234375
         1.44288e-24,              0.02375
         1.68826e-24,            0.0240625
         1.97595e-24,             0.024375
         2.31337e-24,            0.0246875
         2.70925e-24,                0.025
         3.17389e-24,            0.0253125
         3.71945e-24,             0.025625
         4.36026e-24,            0.0259375
         5.11323e-24,              0.02625
         5.99836e-24,            0.0265625
         7.03925e-24,             0.026875
         8.26383e-24,            0.0271875
         9.70511e-24,               0.0275
         1.14022e-23,            0.0278125
         1.34012e-23,             0.028125
         1.57571e-23,            0.0284375
         1.85348e-23,              0.02875
         2.18111e-23,            0.0290625
         2.56776e-23,             0.029375
         3.02426e-23,            0.0296875
         3.56349e-23,                 0.03
         4.20076e-23,            0.0303125
         4.95425e-23,             0.030625
         5.84562e-23,            0.0309375
         6.90064e-23,              0.03125
         8.14999e-23,            0.0315625
         9.63024e-23,             0.031875
          1.1385e-22,            0.0321875
         1.34664e-22,               0.0325
         1.59364e-22,            0.0328125
         1.88694e-22,             0.033125
          2.2354e-22,            0.0334375
         2.64965e-22,              0.03375
         3.14239e-22,            0.0340625
         3.72883e-22,             0.034375
         4.42722e-22,            0.0346875
         5.25945e-22,                0.035
         6.25176e-22,            0.0353125
          7.4357e-22,             0.035625
         8.84918e-22,            0.0359375
         1.05378e-21,              0.03625
         1.25564e-21,            0.0365625
         1.49712e-21,             0.036875
         1.78617e-21,            0.0371875
         2.13243e-21,               0.0375
         2.54748e-21,            0.0378125
         3.04536e-21,             0.038125
         3.64301e-21,            0.0384375
         4.36097e-21,              0.03875
         5.22408e-21,            0.0390625
         6.26247e-21,             0.039375
         7.51269e-21,            0.0396875
          9.0191e-21,                 0.04
         1.08356e-20,            0.0403125
         1.30279e-20,             0.040625
         1.56757e-20,            0.0409375
         1.88764e-20,              0.04125
         2.27486e-20,            0.0415625
         2.74372e-20,             0.041875
         3.31191e-20,            0.0421875
         4.00108e-20,               0.0425
         4.83774e-20,            0.0428125
         5.85435e-20,             0.043125
         7.09076e-20,            0.0434375
         8.59587e-20,              0.04375
         1.04298e-19,            0.0440625
         1.26666e-19,             0.044375
         1.53972e-19,            0.0446875
         1.87342e-19,                0.045
         2.28162e-19,            0.0453125
         2.51887e-19,            0.0454688
         2.78147e-19,             0.045625
          3.0722e-19,            0.0457812
         3.39417e-19,            0.0459375
         3.75082e-19,            0.0460938
           4.146e-19,              0.04625
         4.58398e-19,            0.0464062
         5.06953e-19,            0.0465625
         5.60797e-19,            0.0467188
         6.20523e-19,             0.046875
          6.8679e-19,            0.0470312
         7.60337e-19,            0.0471875
         8.41985e-19,            0.0473438
         9.32654e-19,               0.0475
         1.03337e-18,            0.0476562
         1.14527e-18,            0.0478125
         1.26965e-18,            0.0479688
         1.40793e-18,             0.048125
         1.56171e-18,            0.0482812
         1.73278e-18,            0.0484375
         1.92315e-18,            0.0485938
         2.13504e-18,              0.04875
         2.37098e-18,            0.0489062
         2.63377e-18,            0.0490625
         2.92655e-18,            0.0492188
         3.25286e-18,             0.049375
         3.61665e-18,            0.0495312
         4.02236e-18,            0.0496875
         4.47496e-18,            0.0498437
         4.98004e-18,                 0.05
         5.54387e-18,            0.0501562
          6.1735e-18,            0.0503125
         6.87683e-18,            0.0504687
         7.66277e-18,             0.050625
         8.54133e-18,            0.0507812
         9.52375e-18,            0.0509375
         1.06227e-17,            0.0510937
         1.18524e-17,              0.05125
          1.3229e-17,            0.0514063
         1.47705e-17,            0.0515625
         1.64973e-17,            0.0517187
         1.84324e-17,             0.051875
         2.06018e-17,            0.0520313
         2.30347e-17,            0.0521875
         2.57641e-17,            0.0523437
         2.88274e-17,               0.0525
         3.22667e-17,            0.0526563
         3.61298e-17,            0.0528125
         4.04704e-17,            0.0529687
         4.53496e-17,             0.053125
         5.08364e-17,            0.0532813
          5.7009e-17,            0.0534375
         6.39559e-17,            0.0535937
         7.17776e-17,              0.05375
         8.05878e-17,            0.0539063
         9.05157e-17,            0.0540625
         1.01708e-16,            0.0542187
         1.14331e-16,             0.054375
         1.28573e-16,            0.0545313
         1.44651e-16,            0.0546875
         1.62808e-16,            0.0548437
         1.83322e-16,                0.055
          2.0651e-16,            0.0551563
         2.32732e-16,            0.0553125
         2.62401e-16,            0.0554687
         2.95983e-16,             0.055625
         3.34014e-16,            0.0557812
         3.77104e-16,            0.0559375
          4.2595e-16,            0.0560937
         4.81346e-16,              0.05625
         5.44205e-16,            0.0564062
         6.15565e-16,            0.0565625
          6.9662e-16,            0.0567187
         7.88733e-16,             0.056875
         8.93468e-16,            0.0570312
         1.01262e-15,            0.0571875
         1.14824e-15,            0.0573437
         1.30269e-15,               0.0575
         1.47868e-15,            0.0576562
         1.67933e-15,            0.0578125
         1.90822e-15,            0.0579687
         2.16947e-15,             0.058125
         2.46784e-15,            0.0582812
         2.80879e-15,            0.0584375
         3.19863e-15,            0.0585938
         3.64464e-15,              0.05875
         4.15522e-15,            0.0589062
         4.74007e-15,            0.0590625
         5.41043e-15,            0.0592188
         6.17926e-15,             0.059375
         7.06161e-15,            0.0595312
         8.07489e-15,            0.0596875
         9.23929e-15,            0.0598438
         1.05782e-14,                 0.06
         1.21189e-14,            0.0601562
          1.3893e-14,            0.0603125
         1.59372e-14,            0.0604688
         1.82944e-14,             0.060625
         2.10142e-14,            0.0607812
          2.4155e-14,            0.0609375
         2.77844e-14,            0.0610938
         3.19816e-14,              0.06125
         3.68392e-14,            0.0614062
         4.24652e-14,            0.0615625
         4.89865e-14,            0.0617188
         5.65513e-14,             0.061875
         6.53338e-14,            0.0620312
         7.55383e-14,            0.0621875
         8.74049e-14,            0.0623438
         1.01216e-13,               0.0625
         1.17304e-13,            0.0626562
          1.3606e-13,            0.0628125
         1.57946e-13,            0.0629687
         1.83509e-13,             0.063125
         2.13392e-13,            0.0632813
         2.48358e-13,            0.0634375
          2.8931e-13,            0.0635938
          3.3732e-13,              0.06375
         3.93659e-13,            0.0639062
         4.59839e-13,            0.0640625
         5.37655e-13,            0.0642187
         6.29251e-13,             0.064375
         7.37177e-13,            0.0645313
         8.64484e-13,            0.0646875
         1.01481e-12,            0.0648438
         1.19253e-12,                0.065
         1.40286e-12,            0.0651562
         1.65207e-12,            0.0653125
         1.94771e-12,            0.0654687
         2.29884e-12,             0.065625
         2.71639e-12,            0.0657813
         3.21355e-12,            0.0659375
         3.80625e-12,            0.0660938
         4.51378e-12,              0.06625
         5.35951e-12,            0.0664062
         6.37182e-12,            0.0665625
         7.58521e-12,            0.0667187
         9.04169e-12,             0.066875
         1.07925e-11,            0.0670313
         1.29003e-11,            0.0671875
         1.54417e-11,            0.0673438
         1.85108e-11,               0.0675
         2.22229e-11,            0.0676563
         2.67203e-11,            0.0678125
         3.21782e-11,            0.0679687
         3.88132e-11,             0.068125
         4.68934e-11,            0.0682813
         5.67515e-11,            0.0684375
         6.88013e-11,            0.0685938
         7.58044e-11,            0.0686719
          8.3558e-11,              0.06875
         9.21468e-11,            0.0688281
         1.01666e-10,            0.0689063
          1.1222e-10,            0.0689844
          1.2393e-10,            0.0690625
         1.36927e-10,            0.0691406
         1.51362e-10,            0.0692187
         1.67402e-10,            0.0692969
         1.85235e-10,             0.069375
         2.05072e-10,            0.0694531
         2.27152e-10,            0.0695313
         2.51742e-10,            0.0696094
         2.79143e-10,            0.0696875
         3.09695e-10,            0.0697656
         3.43781e-10,            0.0698438
         3.81832e-10,            0.0699219
         4.24337e-10,                 0.07
         4.71845e-10,            0.0700781
         5.24982e-10,            0.0701563
         5.84451e-10,            0.0702344
         6.51053e-10,            0.0703125
         7.25692e-10,            0.0703906
         8.09397e-10,            0.0704687
         9.03333e-10,            0.0705469
         1.00883e-09,             0.070625
         1.12739e-09,            0.0707031
         1.26073e-09,            0.0707813
          1.4108e-09,            0.0708594
         1.57985e-09,            0.0709375
          1.7704e-09,            0.0710156
         1.98538e-09,            0.0710938
         2.22811e-09,            0.0711719
         2.50239e-09,              0.07125
         2.81258e-09,            0.0713281
          3.1637e-09,            0.0714063
         3.56149e-09,            0.0714844
         4.01256e-09,            0.0715625
         4.52451e-09,            0.0716406
         5.10609e-09,            0.0717187
         5.76742e-09,            0.0717969
         6.52016e-09,             0.071875
          7.3778e-09,            0.0719531
         8.35595e-09,            0.0720313
         9.47271e-09,            0.0721094
         1.07491e-08,            0.0721875
         1.22095e-08,            0.0722656
         1.38823e-08,            0.0723438
         1.58007e-08,            0.0724219
         1.80032e-08,               0.0725
          2.0535e-08,            0.0725781
         2.34488e-08,            0.0726563
         2.68068e-08,            0.0727344
         3.06815e-08,            0.0728125
         3.51584e-08,            0.0728906
         4.03384e-08,            0.0729687
         4.63403e-08,            0.0730469
         5.33045e-08,             0.073125
         6.13977e-08,            0.0732031
         7.08173e-08,            0.0732813
         8.17981e-08,            0.0733594
           9.462e-08,            0.0734375
         1.09617e-07,            0.0735156
         1.27189e-07,            0.0735938
         1.47815e-07,            0.0736719
         1.72071e-07,              0.07375
         2.00653e-07,            0.0738281
         2.34397e-07,            0.0739063
         2.74321e-07,            0.0739844
         3.21658e-07,            0.0740625
          3.7791e-07,            0.0741406
         4.44912e-07,            0.0742188
         5.24913e-07,            0.0742969
         6.20678e-07,             0.074375
         7.35614e-07,            0.0744531
         8.73941e-07,            0.0745313
          1.0409e-06,            0.0746094
         1.24303e-06,            0.0746875
         1.48851e-06,            0.0747656
         1.78764e-06,            0.0748438
         2.15342e-06,            0.0749219
          2.3663e-06,            0.0749609
         2.60236e-06,                0.075
         2.86438e-06,            0.0750391
         3.15552e-06,            0.0750781
         3.47935e-06,            0.0751172
         3.83992e-06,            0.0751563
         4.24185e-06,            0.0751953
         4.69041e-06,            0.0752344
         5.19159e-06,            0.0752734
         5.75224e-06,            0.0753125
         6.38022e-06,            0.0753516
         7.08453e-06,            0.0753906
         7.87552e-06,            0.0754297
         8.76509e-06,            0.0754688
         9.76698e-06,            0.0755078
         1.08971e-05,            0.0755469
         1.21737e-05,            0.0755859
         1.36183e-05,             0.075625
         1.52557e-05,            0.0756641
         1.71149e-05,            0.0757031
         1.92297e-05,            0.0757422
         2.16399e-05,            0.0757813
         2.43922e-05,            0.0758203
         2.75419e-05,            0.0758594
         3.11539e-05,            0.0758984
         3.53059e-05,            0.0759375
         4.00898e-05,            0.0759766
         4.56159e-05,            0.0760156
         5.20163e-05,            0.0760547
         5.94502e-05,            0.0760938
           6.811e-05,            0.0761328
         7.82297e-05,            0.0761719
         9.00949e-05,            0.0762109
         0.000104056,              0.07625
         0.000120546,            0.0762891
         0.000140101,            0.0763281
         0.000163392,            0.0763672
         0.000191263,            0.0764063
         0.000224781,            0.0764453
          0.00026531,            0.0764844
         0.000314608,            0.0765234
         0.000343234,             0.076543
         0.000374959,            0.0765625
         0.000410183,             0.076582
         0.000449364,            0.0766016
         0.000493034,            0.0766211
         0.000541809,            0.0766406
         0.000596406,            0.0766602
          0.00065766,            0.0766797
         0.000726553,            0.0766992
         0.000804237,            0.0767188
         0.000892076,            0.0767383
         0.000991686,            0.0767578
            0.001105,            0.0767773
          0.00123432,            0.0767969
          0.00138244,            0.0768164
          0.00155274,            0.0768359
          0.00174932,            0.0768555
          0.00197726,             0.076875
          0.00224281,            0.0768945
          0.00255375,            0.0769141
           0.0029199,            0.0769336
          0.00335369,            0.0769531
          0.00387105,            0.0769727
          0.00449265,            0.0769922
          0.00524558,            0.0770117
          0.00616586,            0.0770313
          0.00670332,             0.077041
           0.0073021,            0.0770508
          0.00797115,            0.0770605
          0.00872102,            0.0770703
          0.00956428,            0.0770801
           0.0105159,            0.0770898
           0.0115939,            0.0770996
           0.0128199,            0.0771094
           0.0142205,            0.0771191
           0.0158279,            0.0771289
           0.0176822,            0.0771387
           0.0198329,            0.0771484
           0.0223425,            0.0771582
           0.0252898,             0.077168
           0.0287757,            0.0771777
            0.032931,            0.0771875
           0.0379265,            0.0771973
           0.0439887,             0.077207
            0.051422,            0.0772168
           0.0557772,            0.0772217
           0.0606418,            0.0772266
           0.0660933,            0.0772314
           0.0722232,            0.0772363
           0.0791407,            0.0772412
           0.0869764,            0.0772461
            0.095887,             0.077251
            0.106062,            0.0772559
            0.117729,            0.0772607
            0.131166,            0.0772656
            0.146712,            0.0772705
            0.164778,            0.0772754
            0.185863,            0.0772803
            0.210577,            0.0772852
            0.239648,              0.07729
            0.273942,            0.0772949
            0.314457,            0.0772998
             0.36229,            0.0773047
            0.418543,            0.0773096
             0.48412,            0.0773145
            0.559344,            0.0773193
            0.643345,            0.0773242
            0.733217,            0.0773291
            0.823165,             0.077334
            0.904243,            0.0773389
             0.96552,            0.0773438
            0.997077,            0.0773486
            0.993786,            0.0773535
            0.957493,            0.0773584
            0.895974,            0.0773633
            0.819568,            0.0773682
            0.737818,             0.077373
            0.657676,            0.0773779
            0.583267,            0.0773828
             0.51649,            0.0773877
            0.457791,            0.0773926
            0.406806,            0.0773975
            0.362792,            0.0774023
             0.32488,            0.0774072
            0.292214,            0.0774121
            0.264015,             0.077417
            0.239598,            0.0774219
            0.218379,            0.0774268
            0.199867,            0.0774316
            0.183649,            0.0774365
             0.16938,            0.0774414
            0.156775,            0.0774463
            0.145595,            0.0774512
            0.135639,            0.0774561
             0.12674,            0.0774609
             0.11157,            0.0774707
           0.0991985,            0.0774805
           0.0889847,            0.0774902
           0.0804583,               0.0775
           0.0732687,            0.0775098
           0.0671513,            0.0775195
           0.0619034,            0.0775293
           0.0573678,            0.0775391
           0.0534215,            0.0775488
           0.0499667,            0.0775586
           0.0469253,            0.0775684
           0.0442341,            0.0775781
           0.0397062,            0.0775977
           0.0360707,            0.0776172
           0.0331118,            0.0776367
           0.0306761,            0.0776563
           0.0286522,            0.0776758
           0.0269578,            0.0776953
           0.0255308,            0.0777148
            0.024324,            0.0777344
           0.0233006,            0.0777539
           0.0224319,            0.0777734
           0.0210721,            0.0778125
            0.020112,            0.0778516
            0.019465,            0.0778906
           0.0190741,            0.0779297
           0.0189017,            0.0779688
           0.0189239,            0.0780078
           0.0191269,            0.0780469
            0.019505,            0.0780859
           0.0200592,             0.078125
           0.0207967,            0.0781641
            0.021731,            0.0782031
           0.0228822,            0.0782422
           0.0242778,            0.0782813
           0.0259544,            0.0783203
           0.0279598,            0.0783594
           0.0303555,            0.0783984
           0.0332213,            0.0784375
           0.0366612,            0.0784766
           0.0408113,            0.0785156
           0.0458517,            0.0785547
            0.052024,            0.0785938
           0.0596559,            0.0786328
           0.0641542,            0.0786523
           0.0691994,            0.0786719
           0.0748767,            0.0786914
           0.0812877,            0.0787109
           0.0885544,            0.0787305
           0.0968234,              0.07875
            0.106272,            0.0787695
            0.117116,            0.0787891
            0.129617,            0.0788086
            0.144097,            0.0788281
            0.160949,            0.0788477
            0.180653,            0.0788672
            0.203801,            0.0788867
            0.231108,            0.0789063
             0.26344,            0.0789258
            0.301812,            0.0789453
            0.347379,            0.0789648
            0.401359,            0.0789844
            0.464865,            0.0790039
            0.538549,            0.0790234
               0.622,             0.079043
            0.712827,            0.0790625
             0.80563,             0.079082
            0.891398,            0.0791016
            0.958392,            0.0791211
            0.995235,            0.0791406
            0.995343,            0.0791602
            0.959913,            0.0791797
            0.897133,            0.0791992
            0.818351,            0.0792188
            0.734087,            0.0792383
            0.651897,            0.0792578
            0.576132,            0.0792773
            0.508674,            0.0792969
            0.449844,            0.0793164
            0.399129,            0.0793359
            0.355654,            0.0793555
            0.318448,             0.079375
            0.286581,            0.0793945
             0.25922,            0.0794141
            0.235649,            0.0794336
            0.215262,            0.0794531
            0.197554,            0.0794727
            0.182106,            0.0794922
            0.168572,            0.0795117
            0.156664,            0.0795312
            0.146144,            0.0795508
            0.136813,            0.0795703
            0.121087,            0.0796094
            0.108458,            0.0796484
           0.0981939,            0.0796875
           0.0897641,            0.0797266
           0.0827795,            0.0797656
           0.0769495,            0.0798047
           0.0720541,            0.0798437
           0.0679251,            0.0798828
           0.0644319,            0.0799219
           0.0614725,            0.0799609
           0.0589665,                 0.08
            0.055071,            0.0800781
           0.0523716,            0.0801563
           0.0506271,            0.0802344
           0.0496835,            0.0803125
           0.0494475,            0.0803906
            0.049871,            0.0804688
           0.0509428,            0.0805469
           0.0526847,             0.080625
           0.0551522,            0.0807031
           0.0584374,            0.0807812
           0.0626767,            0.0808594
           0.0680626,            0.0809375
           0.0748628,            0.0810156
           0.0834477,            0.0810937
           0.0943332,            0.0811719
            0.100855,            0.0812109
            0.108244,              0.08125
            0.116641,            0.0812891
            0.126213,            0.0813281
            0.137161,            0.0813672
            0.149728,            0.0814063
            0.164209,            0.0814453
             0.18096,            0.0814844
            0.200412,            0.0815234
            0.223088,            0.0815625
            0.249613,            0.0816016
            0.280727,            0.0816406
            0.317291,            0.0816797
            0.360265,            0.0817188
            0.410653,            0.0817578
            0.469365,            0.0817969
            0.536964,            0.0818359
            0.613225,             0.081875
            0.696489,            0.0819141
            0.782881,            0.0819531
            0.865733,            0.0819922
            0.935833,            0.0820312
            0.983158,            0.0820703
            0.999999,            0.0821094
            0.983997,            0.0821484
            0.939081,            0.0821875
            0.873621,            0.0822266
            0.797219,            0.0822656
            0.718082,            0.0823047
            0.641885,            0.0823437
            0.571835,            0.0823828
            0.509288,            0.0824219
            0.454434,            0.0824609
            0.406822,               0.0825
            0.365714,            0.0825391
             0.33029,            0.0825781
            0.299756,            0.0826172
            0.273392,            0.0826563
             0.25057,            0.0826953
             0.23075,            0.0827344
            0.213481,            0.0827734
            0.198381,            0.0828125
            0.185133,            0.0828516
            0.173471,            0.0828906
            0.154052,            0.0829688
            0.138743,            0.0830469
            0.126567,             0.083125
             0.11682,            0.0832031
            0.108993,            0.0832813
             0.10271,            0.0833594
           0.0976943,            0.0834375
            0.093737,            0.0835156
           0.0906829,            0.0835937
           0.0884164,            0.0836719
           0.0868524,              0.08375
           0.0856106,            0.0839063
            0.086701,            0.0840625
           0.0901236,            0.0842188
           0.0961177,             0.084375
            0.100226,            0.0844531
            0.105195,            0.0845313
            0.111146,            0.0846094
            0.118231,            0.0846875
            0.126645,            0.0847656
            0.136632,            0.0848437
              0.1485,            0.0849219
            0.162638,                0.085
             0.17954,            0.0850781
            0.199831,            0.0851563
            0.224301,            0.0852344
            0.253947,            0.0853125
            0.290007,            0.0853906
            0.333981,            0.0854688
            0.387594,            0.0855469
            0.452632,             0.085625
            0.530504,            0.0857031
            0.621329,            0.0857813
            0.722357,            0.0858594
            0.825924,            0.0859375
            0.874551,            0.0859766
            0.918177,            0.0860156
            0.954436,            0.0860547
            0.981123,            0.0860937
            0.996505,            0.0861328
            0.999604,            0.0861719
            0.990366,            0.0862109
            0.969658,              0.08625
            0.939102,            0.0862891
            0.900802,            0.0863281
            0.809972,            0.0864063
            0.713241,            0.0864844
             0.62137,            0.0865625
            0.539646,            0.0866406
            0.469595,            0.0867188
            0.410734,            0.0867969
            0.361739,             0.086875
            0.321079,            0.0869531
            0.287316,            0.0870313
            0.259202,            0.0871094
            0.235705,            0.0871875
            0.215987,            0.0872656
            0.199374,            0.0873437
             0.18533,            0.0874219
            0.173423,               0.0875
            0.163311,            0.0875781
            0.154718,            0.0876563
            0.147422,            0.0877344
            0.141244,            0.0878125
            0.131695,            0.0879688
            0.125218,             0.088125
             0.12127,            0.0882813
            0.119517,            0.0884375
            0.119792,            0.0885937
            0.122058,              0.08875
            0.126405,            0.0889063
            0.133053,            0.0890625
            0.142374,            0.0892188
            0.154935,             0.089375
            0.171558,            0.0895313
            0.181745,            0.0896094
            0.193424,            0.0896875
            0.206824,            0.0897656
            0.222212,            0.0898438
            0.239909,            0.0899219
            0.260293,                 0.09
            0.283806,            0.0900781
            0.310962,            0.0901563
            0.342342,            0.0902344
             0.37859,            0.0903125
            0.420375,            0.0903906
             0.46833,            0.0904688
            0.522937,            0.0905469
            0.584322,             0.090625
            0.651965,            0.0907031
            0.724303,            0.0907813
            0.798304,            0.0908594
             0.86919,            0.0909375
            0.930612,            0.0910156
            0.975572,            0.0910938
            0.998093,            0.0911719
            0.995079,              0.09125
            0.967382,            0.0913281
            0.919448,            0.0914062
            0.857768,            0.0914844
            0.789038,            0.0915625
            0.718847,            0.0916406
            0.651133,            0.0917187
            0.588257,            0.0917969
            0.531341,             0.091875
            0.480677,            0.0919531
            0.436056,            0.0920313
            0.397006,            0.0921094
             0.36295,            0.0921875
            0.333293,            0.0922656
            0.307468,            0.0923438
            0.284966,            0.0924219
            0.265334,               0.0925
            0.248184,            0.0925781
            0.233179,            0.0926562
            0.208515,            0.0928125
            0.189544,            0.0929687
            0.174983,             0.093125
            0.163912,            0.0932813
             0.15568,            0.0934375
            0.149826,            0.0935938
            0.146034,              0.09375
            0.144099,            0.0939062
             0.14391,            0.0940625
            0.145434,            0.0942187
            0.148714,             0.094375
            0.153872,            0.0945313
            0.161114,            0.0946875
            0.170749,            0.0948438
            0.183213,                0.095
            0.199102,            0.0951562
            0.219222,            0.0953125
            0.244656,            0.0954687
            0.276838,             0.095625
            0.317644,            0.0957813
            0.369439,            0.0959375
            0.434996,            0.0960938
            0.517037,              0.09625
            0.616911,            0.0964062
             0.73176,            0.0965625
            0.791669,            0.0966406
            0.850091,            0.0967187
            0.903699,            0.0967969
            0.948654,             0.096875
            0.981124,            0.0969531
            0.998001,            0.0970313
            0.997599,            0.0971094
            0.980073,            0.0971875
            0.947367,            0.0972656
            0.902725,            0.0973438
            0.849974,            0.0974219
            0.792844,               0.0975
            0.677336,            0.0976562
            0.572379,            0.0978125
            0.483962,            0.0979687
            0.412249,             0.098125
            0.355068,            0.0982813
            0.309735,            0.0984375
            0.273799,            0.0985938
            0.245252,              0.09875
            0.222525,            0.0989063
             0.20442,            0.0990625
            0.190032,            0.0992187
            0.178679,             0.099375
            0.169855,            0.0995313
            0.163182,            0.0996875
            0.158389,            0.0998438
            0.155284,                  0.1
            0.153745,             0.100156
            0.153707,             0.100312
            0.155162,             0.100469
            0.158155,             0.100625
            0.162784,             0.100781
            0.169214,             0.100938
            0.177678,             0.101094
            0.188502,              0.10125
             0.20212,             0.101406
             0.21911,             0.101562
            0.240229,             0.101719
            0.266466,             0.101875
            0.299097,             0.102031
            0.339739,             0.102188
            0.390359,             0.102344
            0.453169,               0.1025
            0.530219,             0.102656
            0.622384,             0.102813
            0.727317,             0.102969
             0.83637,             0.103125
            0.887328,             0.103203
            0.932115,             0.103281
            0.967592,             0.103359
             0.99089,             0.103438
            0.999926,             0.103516
            0.993843,             0.103594
            0.973201,             0.103672
            0.939849,              0.10375
            0.896533,             0.103828
            0.846383,             0.103906
            0.792433,             0.103984
            0.737293,             0.104063
            0.630969,             0.104219
            0.536928,             0.104375
            0.458017,             0.104531
            0.393569,             0.104688
            0.341576,             0.104844
            0.299799,                0.105
            0.266224,             0.105156
            0.239184,             0.105313
            0.217362,             0.105469
            0.199733,             0.105625
            0.185508,             0.105781
            0.174087,             0.105938
            0.165009,             0.106094
            0.157931,              0.10625
            0.152593,             0.106406
            0.148811,             0.106563
            0.146458,             0.106719
            0.145456,             0.106875
            0.145777,             0.107031
            0.147436,             0.107188
            0.150493,             0.107344
             0.15506,               0.1075
            0.161304,             0.107656
            0.169465,             0.107813
            0.179866,             0.107969
            0.192944,             0.108125
            0.209278,             0.108281
            0.229636,             0.108438
            0.255033,             0.108594
            0.286798,              0.10875
            0.326656,             0.108906
            0.376766,             0.109063
            0.439668,             0.109219
            0.517906,             0.109375
            0.612949,             0.109531
             0.72281,             0.109687
            0.780769,             0.109766
            0.838076,             0.109844
            0.891779,             0.109922
            0.938303,                 0.11
             0.97385,             0.110078
            0.995011,             0.110156
            0.999488,             0.110234
            0.986645,             0.110313
             0.95769,             0.110391
            0.915377,             0.110469
            0.863372,             0.110547
            0.805538,             0.110625
            0.745356,             0.110703
            0.685594,             0.110781
            0.574483,             0.110937
            0.480077,             0.111094
            0.403323,              0.11125
            0.342165,             0.111406
            0.293772,             0.111563
            0.255476,             0.111719
            0.225069,             0.111875
            0.200818,             0.112031
              0.1814,             0.112187
            0.165813,             0.112344
            0.153306,               0.1125
            0.143311,             0.112656
            0.135404,             0.112813
            0.129269,             0.112969
            0.124676,             0.113125
            0.121461,             0.113281
            0.119518,             0.113437
            0.118792,             0.113594
             0.11927,              0.11375
            0.120991,             0.113906
             0.12404,             0.114063
            0.128565,             0.114219
            0.134783,             0.114375
            0.143006,             0.114531
            0.153667,             0.114687
            0.167373,             0.114844
            0.184966,                0.115
            0.207624,             0.115156
            0.221347,             0.115234
            0.237007,             0.115313
            0.254917,             0.115391
            0.275451,             0.115469
            0.299047,             0.115547
            0.326213,             0.115625
            0.357534,             0.115703
            0.393659,             0.115781
            0.435277,             0.115859
            0.483052,             0.115937
            0.537514,             0.116016
            0.598849,             0.116094
            0.666582,             0.116172
            0.739129,              0.11625
             0.81328,             0.116328
            0.883805,             0.116406
            0.943567,             0.116484
            0.984561,             0.116563
            0.999977,             0.116641
            0.986575,             0.116719
             0.94603,             0.116797
            0.884345,             0.116875
            0.809677,             0.116953
             0.72995,             0.117031
            0.651318,             0.117109
             0.57773,             0.117188
            0.511214,             0.117266
            0.452432,             0.117344
            0.401215,             0.117422
            0.356957,               0.1175
            0.318875,             0.117578
            0.286155,             0.117656
            0.258033,             0.117734
            0.233824,             0.117813
            0.212937,             0.117891
            0.194865,             0.117969
            0.179185,             0.118047
            0.165539,             0.118125
            0.153629,             0.118203
            0.143208,             0.118281
            0.134068,             0.118359
            0.126035,             0.118438
            0.112733,             0.118594
              0.1024,              0.11875
           0.0943965,             0.118906
           0.0882701,             0.119063
            0.083703,             0.119219
           0.0804785,             0.119375
           0.0784599,             0.119531
           0.0775779,             0.119688
           0.0778269,             0.119844
           0.0792672,                 0.12
            0.082037,             0.120156
           0.0863746,             0.120313
           0.0926592,             0.120469
           0.0967046,             0.120547
             0.10148,             0.120625
             0.10711,             0.120703
            0.113755,             0.120781
            0.121615,             0.120859
            0.130947,             0.120938
            0.142082,             0.121016
             0.15545,             0.121094
            0.171615,             0.121172
            0.191323,              0.12125
            0.215569,             0.121328
            0.245683,             0.121406
            0.283443,             0.121484
            0.331194,             0.121562
            0.391912,             0.121641
            0.469046,             0.121719
            0.565663,             0.121797
            0.681999,             0.121875
            0.745629,             0.121914
            0.810208,             0.121953
             0.87229,             0.121992
            0.927282,             0.122031
            0.969872,              0.12207
             0.99494,             0.122109
            0.998797,             0.122148
            0.980293,             0.122188
             0.94124,             0.122227
            0.885907,             0.122266
            0.819843,             0.122305
            0.748601,             0.122344
             0.67682,             0.122383
            0.607835,             0.122422
              0.5437,             0.122461
            0.485436,               0.1225
            0.433331,             0.122539
            0.387217,             0.122578
            0.346667,             0.122617
             0.31114,             0.122656
            0.280061,             0.122695
            0.252876,             0.122734
            0.229074,             0.122773
            0.208201,             0.122812
            0.189856,             0.122852
            0.173693,             0.122891
            0.159415,              0.12293
            0.146767,             0.122969
            0.135531,             0.123008
            0.125523,             0.123047
            0.108575,             0.123125
           0.0949135,             0.123203
           0.0837933,             0.123281
           0.0746629,             0.123359
           0.0671088,             0.123438
           0.0608178,             0.123516
            0.055551,             0.123594
           0.0511239,             0.123672
           0.0473934,              0.12375
           0.0442477,             0.123828
           0.0415994,             0.123906
           0.0393798,             0.123984
           0.0375357,             0.124062
           0.0360261,             0.124141
           0.0348207,             0.124219
           0.0332457,             0.124375
            0.032859,             0.124453
           0.0327424,             0.124531
           0.0329098,             0.124609
           0.0333871,             0.124688
           0.0342152,             0.124766
            0.035455,             0.124844
           0.0371959,             0.124922
           0.0395689,                0.125
           0.0427681,             0.125078
           0.0447643,             0.125117
           0.0470884,             0.125156
           0.0498038,             0.125195
           0.0529913,             0.125234
           0.0567549,             0.125273
           0.0612302,             0.125312
           0.0665972,             0.125352
            0.073098,             0.125391
           0.0810644,              0.12543
           0.0909604,             0.125469
           0.0968287,             0.125488
            0.103449,             0.125508
            0.110952,             0.125527
              0.1195,             0.125547
            0.129291,             0.125566
            0.140572,             0.125586
            0.153652,             0.125605
             0.16892,             0.125625
            0.186866,             0.125645
            0.208118,             0.125664
            0.233472,             0.125684
            0.263949,             0.125703
            0.300838,             0.125723
            0.345739,             0.125742
            0.400565,             0.125762
            0.467398,             0.125781
            0.548051,             0.125801
            0.642988,              0.12582
            0.749212,              0.12584
            0.803898,              0.12585
            0.857101,             0.125859
            0.906157,             0.125869
             0.94793,             0.125879
             0.97913,             0.125889
            0.996798,             0.125898
            0.998874,             0.125908
            0.984665,             0.125918
            0.955044,             0.125928
            0.912278,             0.125937
            0.859573,             0.125947
            0.800476,             0.125957
            0.738343,             0.125967
            0.675987,             0.125977
            0.558366,             0.125996
            0.505353,             0.126006
            0.456855,             0.126016
            0.412925,             0.126025
            0.373405,             0.126035
            0.338016,             0.126045
            0.306414,             0.126055
            0.278236,             0.126064
            0.253123,             0.126074
            0.230735,             0.126084
            0.210759,             0.126094
            0.192913,             0.126104
            0.176944,             0.126113
             0.16263,             0.126123
            0.149775,             0.126133
            0.127775,             0.126152
            0.109813,             0.126172
           0.0950257,             0.126191
           0.0827535,             0.126211
           0.0724901,              0.12623
           0.0638441,              0.12625
           0.0565106,              0.12627
           0.0502505,             0.126289
           0.0448745,             0.126309
           0.0402321,             0.126328
           0.0362021,             0.126348
           0.0326867,             0.126367
           0.0296062,             0.126387
           0.0268953,             0.126406
           0.0245002,             0.126426
           0.0223761,             0.126445
           0.0204858,             0.126465
            0.018798,             0.126484
           0.0172862,             0.126504
           0.0159282,             0.126523
           0.0136001,             0.126563
           0.0116921,             0.126602
            0.010114,             0.126641
          0.00879789,              0.12668
          0.00769202,             0.126719
          0.00675643,             0.126758
          0.00595996,             0.126797
          0.00527803,             0.126836
          0.00469109,             0.126875
          0.00418343,             0.126914
          0.00374238,             0.126953
          0.00335759,             0.126992
          0.00302056,             0.127031
           0.0027243,              0.12707
          0.00246298,             0.127109
          0.00223176,             0.127148
          0.00202654,             0.127188
          0.00184389,             0.127227
          0.00168089,             0.127266
          0.00153507,             0.127305
           0.0014043,             0.127344
          0.00128676,             0.127383
          0.00118089,             0.127422
         0.000998919,               0.1275
          0.00084957,             0.127578
         0.000726144,             0.127656
         0.000623493,             0.127734
         0.000537623,             0.127812
         0.000465403,             0.127891
          0.00040436,             0.127969
         0.000352527,             0.128047
         0.000308324,             0.128125
         0.000270476,             0.128203
         0.000237948,             0.128281
         0.000209892,             0.128359
         0.000185613,             0.128437
         0.000164537,             0.128516
         0.000146186,             0.128594
         0.000130164,             0.128672
         0.000116137,              0.12875
         0.000103825,             0.128828
         9.29942e-05,             0.128906
         8.34429e-05,             0.128984
         7.50019e-05,             0.129063
         6.75264e-05,             0.129141
         6.08927e-05,             0.129219
         5.49947e-05,             0.129297
          4.9741e-05,             0.129375
          4.5053e-05,             0.129453
         4.08627e-05,             0.129531
          3.7111e-05,             0.129609
         3.37467e-05,             0.129688
         3.07253e-05,             0.129766
         2.80077e-05,             0.129844
           2.556e-05,             0.129922
         2.33523e-05,                 0.13
         1.95554e-05,             0.130156
          1.6443e-05,             0.130312
         1.38795e-05,             0.130469
         1.17585e-05,             0.130625
         9.99629e-06,             0.130781
         8.52624e-06,             0.130937
         7.29525e-06,             0.131094
         6.26071e-06,              0.13125
         5.38827e-06,             0.131406
         4.65013e-06,             0.131563
         4.02364e-06,             0.131719
         3.49033e-06,             0.131875
         3.03504e-06,             0.132031
         2.64528e-06,             0.132188
         2.31074e-06,             0.132344
         2.02287e-06,               0.1325
         1.77455e-06,             0.132656
         1.55984e-06,             0.132812
         1.37378e-06,             0.132969
         1.21219e-06,             0.133125
         1.07155e-06,             0.133281
         9.48899e-07,             0.133437
         8.41724e-07,             0.133594
         7.47893e-07,              0.13375
         6.65592e-07,             0.133906
         5.93274e-07,             0.134063
         5.29618e-07,             0.134219
         4.73492e-07,             0.134375
         4.23923e-07,             0.134531
         3.80076e-07,             0.134688
         3.41229e-07,             0.134844
         3.06761e-07,                0.135
         2.76132e-07,             0.135156
         2.48876e-07,             0.135313
         2.24588e-07,             0.135469
         2.02915e-07,             0.135625
          1.8355e-07,             0.135781
         1.66224e-07,             0.135937
         1.50703e-07,             0.136094
         1.36783e-07,              0.13625
         1.24281e-07,             0.136406
         1.13042e-07,             0.136563
         1.02926e-07,             0.136719
         9.38091e-08,             0.136875
         7.81578e-08,             0.137188
         6.53663e-08,               0.1375
         5.48691e-08,             0.137813
         4.62205e-08,             0.138125
         3.90678e-08,             0.138437
         3.31305e-08,              0.13875
         2.81848e-08,             0.139063
          2.4051e-08,             0.139375
         2.05845e-08,             0.139688
         1.76682e-08,                 0.14
         1.52073e-08,             0.140313
         1.31246e-08,             0.140625
         1.13568e-08,             0.140937
          9.8521e-09,              0.14125
         8.56791e-09,             0.141563
         7.46903e-09,             0.141875
          6.5263e-09,             0.142188
         5.71555e-09,               0.1425
         5.01661e-09,             0.142813
         4.41264e-09,             0.143125
         3.88956e-09,             0.143437
         3.43553e-09,              0.14375
         3.04057e-09,             0.144063
         2.69628e-09,             0.144375
         2.39554e-09,             0.144688
         2.13232e-09,                0.145
         1.90148e-09,             0.145313
         1.69865e-09,             0.145625
          1.5201e-09,             0.145937
         1.36264e-09,              0.14625
         1.22353e-09,             0.146563
         1.10042e-09,             0.146875
         9.91279e-10,             0.147188
         8.94364e-10,               0.1475
         8.08165e-10,             0.147813
         7.31374e-10,             0.148125
         6.62858e-10,             0.148438
         6.01632e-10,              0.14875
         5.46838e-10,             0.149062
         4.97728e-10,             0.149375
         4.53649e-10,             0.149687
          4.1403e-10,                 0.15
         3.78371e-10,             0.150313
         3.46232e-10,             0.150625
         2.91017e-10,              0.15125
         2.45815e-10,             0.151875
         2.08627e-10,               0.1525
         1.77883e-10,             0.153125
          1.5235e-10,              0.15375
         1.31048e-10,             0.154375
         1.13199e-10,                0.155
          9.8181e-11,             0.155625
         8.54937e-11,              0.15625
         7.47333e-11,             0.156875
         6.55725e-11,               0.1575
         5.77448e-11,             0.158125
         5.10326e-11,              0.15875
         4.52569e-11,             0.159375
         4.02705e-11,                 0.16
         3.59516e-11,             0.160625
         3.21991e-11,              0.16125
         2.89288e-11,             0.161875
         2.60704e-11,               0.1625
         2.35648e-11,             0.163125
         2.13625e-11,              0.16375
         1.94214e-11,             0.164375
         1.77063e-11,                0.165
         1.61869e-11,             0.165625
         1.48376e-11,              0.16625
         1.36367e-11,             0.166875
         1.25652e-11,               0.1675
         1.16073e-11,             0.168125
         1.07489e-11,              0.16875
         9.28501e-12,                 0.17
         8.09596e-12,              0.17125
         7.12327e-12,               0.1725
         6.32239e-12,              0.17375
         5.65914e-12,                0.175
         5.10704e-12,              0.17625
         4.64547e-12,               0.1775
         4.25823e-12,              0.17875
         3.93253e-12,                 0.18
         3.65822e-12,              0.18125
         3.42718e-12,               0.1825
         3.23294e-12,              0.18375
         3.07025e-12,                0.185
         2.93494e-12,              0.18625
         2.82362e-12,               0.1875
         2.66273e-12,                 0.19
         2.57211e-12,               0.1925
         2.54269e-12,                0.195
         2.57036e-12,               0.1975
         2.65511e-12,                  0.2
         2.80086e-12,               0.2025
          3.0157e-12,                0.205
         3.31263e-12,               0.2075
         3.71089e-12,                 0.21
         3.95622e-12,              0.21125
         4.23802e-12,               0.2125
         4.56154e-12,              0.21375
         4.93304e-12,                0.215
         5.35999e-12,              0.21625
         5.85126e-12,               0.2175
         6.41749e-12,              0.21875
         7.07142e-12,                 0.22
         7.82835e-12,              0.22125
         8.70672e-12,               0.2225
          9.7288e-12,              0.22375
         1.09216e-11,                0.225
         1.23179e-11,              0.22625
         1.39579e-11,               0.2275
         1.58905e-11,              0.22875
         1.81762e-11,                 0.23
         2.08892e-11,              0.23125
         2.41218e-11,               0.2325
         2.79885e-11,              0.23375
         3.26323e-11,                0.235
         3.82324e-11,              0.23625
         4.50144e-11,               0.2375
         5.32637e-11,              0.23875
         6.33426e-11,                 0.24
         7.57133e-11,              0.24125
         8.29371e-11,             0.241875
         9.09683e-11,               0.2425
          9.9908e-11,             0.243125
         1.09871e-10,              0.24375
         1.20989e-10,             0.244375
          1.3341e-10,                0.245
         1.47305e-10,             0.245625
         1.62871e-10,              0.24625
         1.80329e-10,             0.246875
         1.99936e-10,               0.2475
         2.21986e-10,             0.248125
         2.46818e-10,              0.24875
         2.74822e-10,             0.249375
         3.06446e-10,                 0.25
         3.42209e-10,             0.250625
         3.82713e-10,              0.25125
         4.28653e-10,             0.251875
         4.80835e-10,               0.2525
         5.40198e-10,             0.253125
         6.07835e-10,              0.25375
         6.85018e-10,             0.254375
         7.73234e-10,                0.255
         8.74225e-10,             0.255625
         9.90029e-10,              0.25625
         1.12304e-09,             0.256875
         1.27608e-09,               0.2575
         1.45247e-09,             0.258125
         1.65612e-09,              0.25875
         1.89167e-09,             0.259375
         2.16462e-09,                 0.26
          2.4815e-09,             0.260625
         2.85008e-09,              0.26125
         3.27963e-09,             0.261875
         3.78123e-09,               0.2625
         4.36814e-09,             0.263125
         5.05631e-09,              0.26375
         5.86491e-09,             0.264375
         6.81709e-09,                0.265
         7.94081e-09,             0.265625
         9.27001e-09,              0.26625
         1.08459e-08,             0.266875
         1.27188e-08,               0.2675
           1.495e-08,             0.268125
         1.76148e-08,              0.26875
         2.08058e-08,             0.269375
          2.4637e-08,                 0.27
         2.92493e-08,             0.270625
         3.48177e-08,              0.27125
         4.15598e-08,             0.271875
         4.97475e-08,               0.2725
         5.97215e-08,             0.273125
         7.19102e-08,              0.27375
          7.8999e-08,             0.274063
         8.68547e-08,             0.274375
         9.55678e-08,             0.274688
          1.0524e-07,                0.275
         1.15988e-07,             0.275313
          1.2794e-07,             0.275625
         1.41245e-07,             0.275938
         1.56069e-07,              0.27625
         1.72602e-07,             0.276562
         1.91059e-07,             0.276875
         2.11684e-07,             0.277188
         2.34755e-07,               0.2775
          2.6059e-07,             0.277813
         2.89551e-07,             0.278125
          3.2205e-07,             0.278438
         3.58562e-07,              0.27875
         3.99627e-07,             0.279063
         4.45868e-07,             0.279375
         4.97998e-07,             0.279688
         5.56839e-07,                 0.28
         6.23338e-07,             0.280313
         6.98588e-07,             0.280625
         7.83851e-07,             0.280938
          8.8059e-07,              0.28125
         9.90501e-07,             0.281562
         1.11555e-06,             0.281875
         1.25804e-06,             0.282188
         1.42063e-06,               0.2825
         1.60646e-06,             0.282813
         1.81917e-06,             0.283125
         2.06305e-06,             0.283438
         2.34314e-06,              0.28375
         2.66537e-06,             0.284063
         3.03674e-06,             0.284375
         3.46554e-06,             0.284688
         3.96159e-06,                0.285
         4.53657e-06,             0.285313
         5.20439e-06,             0.285625
         5.98169e-06,             0.285938
          6.8884e-06,              0.28625
         7.94848e-06,             0.286562
         9.19079e-06,             0.286875
         1.06503e-05,             0.287188
         1.23692e-05,               0.2875
         1.43993e-05,             0.287813
         1.68034e-05,             0.288125
         1.96588e-05,             0.288438
         2.30606e-05,              0.28875
         2.71264e-05,             0.289063
         3.20022e-05,             0.289375
         3.78702e-05,             0.289688
         4.49587e-05,                 0.29
         5.35554e-05,             0.290313
         6.40251e-05,             0.290625
         7.68325e-05,             0.290938
          8.4293e-05,             0.291094
         9.25739e-05,              0.29125
         0.000101777,             0.291406
         0.000112019,             0.291563
         0.000123433,             0.291719
          0.00013617,             0.291875
         0.000150406,             0.292031
          0.00016634,             0.292187
         0.000184203,             0.292344
         0.000204263,               0.2925
         0.000226829,             0.292656
         0.000252258,             0.292812
         0.000280967,             0.292969
         0.000313443,             0.293125
         0.000350255,             0.293281
         0.000392071,             0.293437
         0.000439677,             0.293594
         0.000494003,              0.29375
         0.000556149,             0.293906
         0.000627428,             0.294062
         0.000709404,             0.294219
         0.000803956,             0.294375
         0.000913347,             0.294531
          0.00104032,             0.294687
          0.00118821,             0.294844
          0.00136109,                0.295
          0.00156398,             0.295156
          0.00180309,             0.295312
          0.00208616,             0.295469
           0.0024229,             0.295625
          0.00282559,             0.295781
          0.00330986,             0.295938
          0.00389585,             0.296094
          0.00460969,              0.29625
          0.00502488,             0.296328
          0.00548568,             0.296406
          0.00599818,             0.296484
          0.00656939,             0.296563
          0.00720752,             0.296641
           0.0079221,             0.296719
          0.00872434,             0.296797
          0.00962741,             0.296875
           0.0106469,             0.296953
           0.0118012,             0.297031
           0.0131124,             0.297109
           0.0146068,             0.297187
           0.0163162,             0.297266
           0.0182791,             0.297344
           0.0205424,             0.297422
           0.0231634,               0.2975
           0.0262131,             0.297578
           0.0297794,             0.297656
           0.0339725,             0.297734
           0.0389313,             0.297812
           0.0448323,             0.297891
           0.0519018,             0.297969
           0.0604323,             0.298047
           0.0708051,             0.298125
           0.0835219,             0.298203
            0.090959,             0.298242
           0.0992471,             0.298281
            0.108504,              0.29832
            0.118867,             0.298359
            0.130495,             0.298398
             0.14357,             0.298437
            0.158304,             0.298477
            0.174941,             0.298516
            0.193763,             0.298555
            0.215086,             0.298594
            0.239272,             0.298633
            0.266718,             0.298672
            0.297858,             0.298711
             0.33314,              0.29875
            0.373009,             0.298789
            0.417855,             0.298828
            0.467942,             0.298867
            0.523313,             0.298906
            0.583645,             0.298945
            0.648084,             0.298984
            0.715081,             0.299023
            0.782258,             0.299062
            0.846421,             0.299102
             0.90376,             0.299141
            0.950315,              0.29918
            0.982638,             0.299219
            0.998472,             0.299258
            0.997222,             0.299297
            0.980014,             0.299336
            0.949355,             0.299375
            0.908532,             0.299414
            0.860996,             0.299453
            0.809878,             0.299492
            0.757729,             0.299531
            0.657297,             0.299609
            0.568157,             0.299687
             0.49262,             0.299766
            0.429989,             0.299844
             0.37848,             0.299922
            0.336146,                  0.3
            0.301232,             0.300078
            0.272276,             0.300156
            0.248107,             0.300234
            0.227798,             0.300312
            0.210621,             0.300391
            0.196002,             0.300469
             0.18349,             0.300547
            0.172726,             0.300625
            0.163426,             0.300703
            0.155358,             0.300781
            0.142217,             0.300938
            0.132192,             0.301094
            0.124531,              0.30125
            0.118716,             0.301406
             0.11438,             0.301563
            0.111264,             0.301719
            0.109182,             0.301875
            0.108001,             0.302031
            0.107629,             0.302187
            0.109086,               0.3025
            0.113324,             0.302812
            0.120405,             0.303125
             0.13064,             0.303437
            0.144606,              0.30375
            0.153251,             0.303906
            0.163189,             0.304062
            0.174595,             0.304219
            0.187675,             0.304375
            0.202673,             0.304531
            0.219874,             0.304688
            0.239611,             0.304844
            0.262267,                0.305
             0.28828,             0.305156
            0.318134,             0.305312
             0.35235,             0.305469
            0.391461,             0.305625
            0.435959,             0.305781
            0.486215,             0.305938
            0.542348,             0.306094
            0.604048,              0.30625
            0.670341,             0.306406
            0.739354,             0.306563
            0.808128,             0.306719
            0.872641,             0.306875
            0.928156,             0.307031
            0.969953,             0.307188
            0.994325,             0.307344
            0.999471,               0.3075
            0.985921,             0.307656
             0.95628,             0.307812
            0.914459,             0.307969
            0.864756,             0.308125
            0.811103,             0.308281
            0.756654,             0.308437
            0.653583,              0.30875
            0.564869,             0.309062
            0.492253,             0.309375
            0.434208,             0.309688
            0.388293,                 0.31
            0.352141,             0.310312
            0.323772,             0.310625
            0.301626,             0.310938
            0.284513,              0.31125
            0.271538,             0.311563
            0.262037,             0.311875
            0.255524,             0.312188
            0.251652,               0.3125
            0.250182,             0.312812
            0.250966,             0.313125
             0.25907,              0.31375
             0.27614,             0.314375
             0.28835,             0.314688
            0.303292,                0.315
             0.32125,             0.315312
            0.342566,             0.315625
            0.367635,             0.315938
            0.396899,              0.31625
             0.43082,             0.316563
            0.469845,             0.316875
            0.514334,             0.317188
            0.564456,               0.3175
            0.620029,             0.317812
            0.680317,             0.318125
            0.743797,             0.318437
            0.807955,              0.31875
            0.869229,             0.319062
            0.923234,             0.319375
            0.965364,             0.319688
            0.991703,                 0.32
            0.999974,             0.320312
            0.990113,             0.320625
            0.964212,             0.320938
            0.925868,              0.32125
            0.879274,             0.321563
            0.828411,             0.321875
            0.726075,               0.3225
            0.634812,             0.323125
            0.560016,              0.32375
             0.50159,             0.324375
             0.45747,                0.325
            0.425309,             0.325625
            0.403096,              0.32625
            0.389315,             0.326875
            0.382928,               0.3275
            0.383314,             0.328125
            0.390209,              0.32875
             0.40366,             0.329375
            0.423985,                 0.33
            0.451729,             0.330625
            0.487597,              0.33125
            0.532329,             0.331875
            0.586465,               0.3325
            0.649932,             0.333125
            0.721413,              0.33375
            0.797547,             0.334375
            0.872266,                0.335
            0.936919,             0.335625
            0.981914,              0.33625
            0.999836,             0.336875
            0.988496,               0.3375
            0.951775,             0.338125
            0.897659,              0.33875
            0.835041,             0.339375
            0.771291,                 0.34
            0.711341,             0.340625
            0.657883,              0.34125
            0.612008,             0.341875
            0.573849,               0.3425
            0.543046,             0.343125
            0.519056,              0.34375
             0.50131,             0.344375
            0.489312,                0.345
             0.48267,             0.345625
             0.48111,              0.34625
            0.484479,             0.346875
            0.492736,               0.3475
            0.505939,             0.348125
            0.524224,              0.34875
            0.576792,                 0.35
            0.651556,              0.35125
            0.746662,               0.3525
            0.799237,             0.353125
            0.852256,              0.35375
            0.902433,             0.354375
            0.945814,                0.355
            0.978338,             0.355625
            0.996653,              0.35625
            0.998951,             0.356875
            0.985444,               0.3575
            0.958267,             0.358125
            0.920853,              0.35875
            0.877098,             0.359375
            0.830637,                 0.36
            0.740532,              0.36125
            0.664624,               0.3625
             0.60754,              0.36375
            0.569273,                0.365
            0.548426,              0.36625
            0.543716,               0.3675
            0.554506,              0.36875
            0.580835,                 0.37
            0.623141,              0.37125
            0.681553,               0.3725
            0.754512,              0.37375
            0.836602,                0.375
            0.916332,              0.37625
            0.976449,               0.3775
            0.999968,              0.37875
            0.980053,                 0.38
            0.924654,              0.38125
            0.850692,               0.3825
            0.774459,              0.38375
              0.7065,                0.385
            0.651712,              0.38625
            0.611457,               0.3875
            0.585494,              0.38875
            0.573164,                 0.39
            0.573958,              0.39125
            0.587729,               0.3925
            0.614667,              0.39375
            0.655044,                0.395
            0.708666,              0.39625
            0.773875,               0.3975
             0.84609,              0.39875
            0.916427,                  0.4
            0.971857,              0.40125
            0.998821,               0.4025
            0.989685,              0.40375
            0.947308,                0.405
            0.883188,              0.40625
            0.811135,               0.4075
            0.742043,              0.40875
            0.682304,                 0.41
            0.634692,              0.41125
            0.599863,               0.4125
            0.577557,              0.41375
            0.567324,                0.415
            0.568886,              0.41625
            0.582284,               0.4175
            0.607857,              0.41875
            0.646055,                 0.42
            0.696999,              0.42125
            0.759639,               0.4225
            0.830437,              0.42375
            0.901844,                0.425
            0.961771,              0.42625
            0.996022,               0.4275
            0.994326,              0.42875
            0.956332,                 0.43
            0.891921,              0.43125
            0.815471,               0.4325
             0.73951,              0.43375
            0.671924,                0.435
            0.616363,              0.43625
            0.573814,               0.4375
            0.544014,              0.43875
            0.526363,                 0.44
            0.520415,              0.44125
            0.526115,               0.4425
            0.543887,              0.44375
            0.574603,                0.445
            0.619377,              0.44625
            0.679004,               0.4475
            0.752716,              0.44875
            0.835972,                 0.45
             0.91765,              0.45125
            0.952282,             0.451875
            0.979133,               0.4525
            0.995611,             0.453125
             0.99979,              0.45375
             0.99083,             0.454375
            0.969192,                0.455
            0.936552,             0.455625
            0.895452,              0.45625
            0.799465,               0.4575
            0.701823,              0.45875
            0.615274,                 0.46
            0.544898,              0.46125
            0.491242,               0.4625
            0.453035,              0.46375
            0.428739,                0.465
            0.417281,              0.46625
            0.418387,               0.4675
            0.432772,              0.46875
            0.445487,             0.469375
            0.462334,                 0.47
            0.483759,             0.470625
            0.510288,              0.47125
            0.542498,             0.471875
            0.580966,               0.4725
            0.626147,             0.473125
            0.678174,              0.47375
            0.736514,             0.474375
            0.799475,                0.475
            0.863604,             0.475625
            0.923213,              0.47625
            0.970507,             0.476875
            0.996895,               0.4775
            0.995599,             0.478125
            0.964505,              0.47875
            0.907401,             0.479375
             0.83254,                 0.48
            0.749543,             0.480625
            0.666615,              0.48125
            0.589265,             0.481875
            0.520363,               0.4825
            0.460843,             0.483125
             0.41048,              0.48375
            0.368475,             0.484375
            0.333835,                0.485
            0.305579,             0.485625
            0.282837,              0.48625
            0.264893,             0.486875
            0.251196,               0.4875
            0.241359,             0.488125
            0.235164,              0.48875
            0.232566,             0.489375
            0.233723,                 0.49
            0.239041,             0.490625
            0.249261,              0.49125
            0.256568,             0.491562
            0.265608,             0.491875
            0.276653,             0.492188
            0.290041,               0.4925
              0.3062,             0.492812
             0.32567,             0.493125
             0.34913,             0.493438
            0.377428,              0.49375
            0.411617,             0.494063
            0.452963,             0.494375
             0.50292,             0.494688
            0.562975,                0.495
            0.634244,             0.495312
            0.716551,             0.495625
            0.806701,             0.495937
            0.852265,             0.496094
            0.895911,              0.49625
            0.935302,             0.496406
            0.967672,             0.496562
            0.990072,             0.496719
            0.999773,             0.496875
            0.994773,             0.497031
            0.974266,             0.497188
             0.93891,             0.497344
            0.890769,               0.4975
            0.832938,             0.497656
            0.768973,             0.497812
            0.702335,             0.497969
            0.635976,             0.498125
            0.572129,             0.498281
            0.512288,             0.498438
              0.4573,             0.498594
            0.407507,              0.49875
            0.362894,             0.498906
            0.323223,             0.499063
            0.288123,             0.499219
            0.257167,             0.499375
            0.229912,             0.499531
            0.205931,             0.499688
            0.184826,             0.499844
            0.166238,                  0.5

